-0.822879007944568 0.75431320145346
1.34576593961102 -1.19625662303466
0.0626147459292238 0.128620781679298
0.0127421443121873 0.0261899146903866
0.0556653882869903 0.114354512441985
2.12463381905649 0.190100608361091
0.0126653579092559 0.0260320992067539
0.019252170678908 0.0395646967067745
0.0214567729167615 0.044094091868695
0.875918128283136 1.67358177949491
0.0237905046200773 0.0488887459559767
0.00601574713622253 0.012369340617967
0.015228545888579 0.0312982052426984
0.017085705767749 0.0351137349712935
0.0198997037784868 0.0408950518043778
1.30766278446703 1.48306831895383
-0.329850158931835 0.0978200512350362
0.0149209473645601 0.0306662468914874
0.0174564547521751 0.0358754385666592
0.0153866889926305 0.0316231123655237
0.0126806428406133 0.0260635658617564
0.0414305683713544 0.0851295311616068
0.056282283365319 0.115629252274929
0.0126782071731747 0.0260585622138447
-0.0486858491201706 -0.0999944400949163
0.0542007121937239 0.111345578312209
0.0219714437461546 0.0451514854603547
0.0126744986666001 0.0260509432765504
0.0691381732755011 0.142021111613179
0.0126738171931535 0.0260495432378915
0.0541443027090923 0.111229913224693
0.0541590968496335 0.111260028490031
0.0126738111905769 0.0260495309060229
-3.39818882644662e-14 -6.97418094737578e-14
-4.88101647627766 -10.0248412792382
-1.0018143752668 1.31028254361764
0.0127226800621569 0.0261499299531888
0.0108456274292899 0.022293345892981
0.0136369650632342 0.0280274822586996
-0.0484881249634127 -0.0995884131672844
-0.777820912847912 -1.59752980280074
0.255839689434033 0.525665524786538
0.0126738164399294 0.0260495416904865
0.00192674810488173 0.00397164937175453
0.00315604007792239 0.00649517630648856
-0.0486117918506886 -0.0998424301105258
0.012675981312765 0.0260539862890401
-3.76847087374038e-14 -7.72682526910933e-14
4.41492677480278 9.07157622687747
0.939858238472652 1.92616347723563
0.0119527969246866 0.024568259007146
0.0253313412951096 0.0520544432503254
0.0252570952327508 0.0519019019344353
0.0149092668426091 0.0306422493032023
0.0131845845088353 0.0270988988828894
0.0126740757897469 0.0260500745096745
0.012673847025697 0.0260496045268362
0.0150835567140803 0.0310003270548218
0.00536744917465239 0.0110380492237837
0.0126738491848921 0.0260496089627327
0.0252478421628551 0.0518828778896323
0.58981390724929 0.549547330391161
0.00539154349867145 0.0110875425554355
0.012674489142106 0.026050923714168
-0.891543995694709 1.97012211217365
0.0140772220645688 0.0289328200824082
0.0126738152858186 0.0260495393194583
0.0126723814104316 0.0260465935170201
0.0129024065941703 0.0265191744058036
0.0129022821906515 0.0265189188215897
0.0129026511388876 0.026519676817157
0.0704797805539118 0.144776093637859
0.0126737594436861 0.0260494245954895
0.0126740612026471 0.0260500445414698
0.0131508399777738 0.0270295703584739
0.012673741413195 0.0260493875530099
0.0149245484994329 0.030673645392089
0.0127231675467765 0.0261509317331146
0.0126434368597096 0.0259871289541551
0.0148383115346187 0.0304964720293603
0.0126793987844251 0.0260610102252313
0.0148383104510817 0.0304964698032422
0.0148383156243546 0.0304964804317067
0.0127441152643516 0.0261939641074006
0.0131931079069483 0.0271164127121714
0.0132556688926119 0.0272449441143916
0.012672202425499 0.0260462258051444
0.012673777663363 0.0260494620240988
0.0126759446044991 0.0260539137940008
0.0148378099786687 0.0304954415845188
-0.700547636674688 -1.70154024473249
0.0126748179430478 0.0260515992022957
0.0137052580890577 0.0281686194496362
0.0130821875923786 0.026888524841944
0.0129661460949064 0.026650108444499
0.0137280268395333 0.0282153976147769
0.014739943737934 0.030294375345669
0.014842200106804 0.0305044599900386
0.012678685462403 0.0260595447657355
0.0132384797576271 0.0272096200180819
