2.72577545653055 0.652039874111051
-0.0296215272793763 -0.0320866307771502
0.052116454045087 0.0678325805783987
0.0730480345556739 0.0943469320805101
0.0482494515983023 0.0627191811583839
0.0574912055423786 0.0745230905062983
0.073048034555674 0.0943469320805101
0.0521069945482838 0.0678206532384401
-0.568974770806872 2.20044017557081
0.0276064060453976 0.0365374192855678
0.824466848548192 -0.2589215554806
0.0630119093124937 0.0815746547677042
0.0633132779326845 0.0819598705375702
0.073048034555674 0.0943469320805101
0.0601910291093722 0.0779728507695727
0.0730480345556739 0.0943469320805101
0.0730480345556741 0.0943469320805103
0.0613188590064497 0.0794446240563682
2.3616815754061 -0.326286018702423
0.0521424241525664 0.0678653425677086
0.0583195952656157 0.0756575909236896
0.00742953595571337 0.0119584489708162
0.0730480345556739 0.0943469320805101
0.0482494515904676 0.062719181148819
-7.65880996440507e-05 -8.50174544155235e-05
-0.67146716555203 0.346897683042874
0.0730480345556739 0.0943469320805101
0.00058088013142735 0.000613045875698924
0.052108992493419 0.0678231724132234
0.0730480345556741 0.0943469320805103
0.0516031837309176 0.0671808357024991
0.0521089911806327 0.0678231707576858
0.0482494515969862 0.0627191811567771
0.0482494515956963 0.0627191811552025
-7.98755126232853e-05 -8.78766439028861e-05
0.0730480345556741 0.0943469320805103
0.0632391600786501 0.0818693048908054
0.313950760738352 0.294504598004352
-0.606128138226159 0.0728080242531774
0.0524571447756343 0.068262220008774
0.0482494515982351 0.0627191811583018
0.0658843247539369 0.0852245667463519
0.000520204148629359 0.000548837769570787
0.0617664754666824 0.0800056913579056
0.000103641387893882 0.000113743409955322
0.0585980654433653 0.0760088702403942
0.0586128684640156 0.0760275520401453
0.000461837102816588 0.000487532085439427
0.0482494515982937 0.0627191811583733
0.0394304520638397 0.0515252005276166
0.0516068374230913 0.0671854506511517
0.073048034555674 0.0943469320805102
0.0641549151770461 0.0830238377019378
0.813442001427653 1.24133451252537
0.0617066378936952 0.0799328094468959
0.244894535607995 1.73461320527345
0.0631072265565938 0.0817016447078693
-1.04591129381585 0.083017299371732
0.0120538692202003 0.016759783910072
0.073048034555674 0.0943469320805101
0.052187225643482 0.0679218166182026
0.0521089203329681 0.0678230813677446
0.0631980076815551 0.0818157668584236
0.0730480345556741 0.0943469320805103
0.0482494514844076 0.0627191810193387
-6.87235367914657e-16 -7.79267188833909e-16
0.00523483920471034 0.0055266131094469
0.0482494515982446 0.0627191811583134
0.841801563223573 2.08303816738751
0.052115011448068 0.0678306180046091
0.0521082483283776 0.0678222340305286
0.000308388008248416 0.00032658164552753
0.0618336235581728 0.0800749620692559
0.0482494351282962 0.0627191610514438
0.0521204781481942 0.0678376608876445
0.073048034555674 0.0943469320805101
0.0523168052404329 0.0680847128421465
0.0586138439943203 0.0760287825571312
0.0375970013094352 0.0495674158516356
0.0700482278852741 0.0905331144911702
2.45594943676761 -1.52823795601449
0.0521082462490629 0.0678222314085805
0.0520921512324364 0.0678019381367629
-0.0297075962658627 -0.0322548461661418
0.0375828100746495 0.0495495446040809
-0.863168330044757 1.7230671733142
0.0631071904131239 0.0816965710022455
0.0482492229854226 0.0627189020628321
0.0482494515988044 0.0627191811589968
0.0466471451761374 0.0607063434755799
0.0542597663252593 0.0703954764387135
-0.00776658004457721 -0.230586473655465
0.0730480345556741 0.0943469320805103
-0.916727365904327 0.623564678148316
0.0684857774355541 0.0885401308172837
0.0482494514875333 0.0627191810231547
2.57472386385489 3.44975679434089
0.0629545677295388 0.081505514869782
0.0301677834199837 0.040164364790766
0.0521081895155257 0.0678221598774832
0.0593768931379102 0.0769913770456781
0.0184616186205937 0.0251300557875863
-0.00933334363406911 -0.0100651667660154
0.0517891624268887 0.0674198928441489
0.000217709376737192 0.000230761241326163
-0.0166402932540448 -0.0183240892970558
0.0517654631645157 0.0673900142199062
0.0619964464501518 0.0802961404466552
0.0631032828382123 0.0816909116522809
0.0482494515979843 0.0627191811579957
0.073048034555674 0.0943469320805102
2.54711069576353 1.15036193315782
0.0585736436762236 0.0759780692837608
0.0610620218182771 0.0791087249154715
0.0632039802125026 0.0818233756937881
0.0482494515118808 0.0627191810528785
0.0617249646578042 0.079956026405972
0.0586101430981193 0.0760241139314826
0.0611057253744352 0.0791727237753154
0.058574429594584 0.0759790608829786
0.0521092316507051 0.067823474847559
0.0482494502894302 0.0627191795604844
0.00838986609563061 0.0120463197006437
0.0521070537038446 0.0678207278544276
0.0114044308255723 0.0158804660639836
0.000325626945539959 0.000343504526017168
0.0629601526830741 0.0815093205638728
0.0521071593137181 0.0678208608979633
-0.0298823253352422 -0.0325296095469207
0.0521082438182567 0.0678222283434915
0.000346346454193933 0.000365652613715277
0.000331013520053946 0.000349121214494192
0.0521082127377146 0.0678221891522125
-3.76754661892355e-16 -3.92132403194084e-16
0.416831482844737 0.449275063015562
0.0586161784033722 0.0760317274931354
0.0520939174012003 0.0678041562754145
0.0413006987635164 0.0541652688438576
0.0409580147784464 0.0537193839394783
0.0112883539908613 0.0157495040341571
0.0611451759640038 0.0654877490797897
-0.000130960747893774 7.59504578782714e-05
0.0521082121849459 0.0678221884553917
0.0239860017201532 0.0322805760276129
0.0206657082870372 0.0280055744244891
0.0112771449871042 0.0157349978245622
0.0521363312066724 0.067857648023939
-4.74351373014646e-16 -5.13781356978412e-16
-0.520724892174164 -0.558734148595607
0.16129232417198 0.161543471413441
2.31418109671325 1.99148877426908
0.0482494515979467 0.0627191811579497
0.0482494515979383 0.0627191811579395
0.0585730081883967 0.0759772678294125
0.0526837257766638 0.0685479944074697
0.0521082104125642 0.0678221862200352
0.0521082098397758 0.0678221854979936
0.0586134304828352 0.0760282613369112
0.0182591678997409 0.0248522804423263
0.0521082065249682 0.067822181317369
0.0482494515893376 0.0627191811474396
0.0630158364799782 0.0815796948413055
0.0182578127080223 0.024850359275875
0.0521080771157858 0.0678220181062899
0.0585735338545015 0.0759779309514019
0.054206880760964 0.0704696111714629
0.0521082102208006 0.0678221859785968
0.0521072593323575 0.0678209870643232
1.1191090164562 3.32888140319144
0.0522433517779838 0.0679926019512406
0.0522386880615722 0.0679867214004458
-0.00768566370272857 -0.0075836826759032
2.7720293795966 3.93385900602063
0.0521082084815171 0.0678221837851583
0.0525648077107335 0.0683978218760726
0.0521082083150117 0.0678221835753391
0.0585738544844292 0.0759783354311284
0.0521393351563577 0.0678614242739143
0.0520917628954897 0.0678014500139522
0.0585724475222185 0.0759765604930081
0.0521085939941438 0.0678226693473316
0.0585724475128748 0.0759765604812481
0.0585724455650653 0.0759765580240408
0.0523610754370718 0.068141088592349
0.052880306504194 0.0687960724674665
0.0525245349624377 0.0683471571163383
0.0521072948695214 0.0678210318718262
0.0521081750667064 0.0678221416566451
0.0521106847691777 0.06782530597149
0.058572620338553 0.0759767785160332
0.0521089423977212 0.0678231088627724
0.0521080466312338 0.0678219797086109
0.0532252107430597 0.0692308877665274
0.052298031501189 0.0680613857039013
0.0512669286535049 0.0667593999047786
0.0532763005534959 0.0692953345256342
0.0582274013346244 0.0755411581943186
0.0577740926066424 0.0749693954774617
0.0521093138282767 0.0678235769903
0.0526262990914968 0.0684740074242419
