1.6822522996629 -0.660864597254732
-0.633202473760311 2.08667646940935
-0.90371249744526 1.75090511675471
0.471899619407612 0.856396998507838
-0.830837998656933 1.610435670815
0.581724060371458 0.879069914400803
0.581724060371458 0.879069914400803
0.581724060371458 0.879069914400803
0.581724060371458 0.879069914400803
0.58172406037146 0.879069914400801
0.58172406037146 0.879069914400801
0.680875825745607 1.01466809391875
1.66051008966457 1.15854573274916
-0.683420232723191 0.454925730393202
-0.830616378838058 1.33898514117546
1.19311999739517 -2.10477939107159
1.98747084754835 -1.08247228679319
-1.36387153618282 -1.90513862727803
-0.674766326077281 0.608538979222729
0.612013794183824 1.18197489230974
1.59277947152052 0.748013604323516
0.397428007001789 -0.851240290843392
-1.35908012856658 1.74182826632711
0.32516324594088 0.722066719622913
0.797060198863207 -0.264817691142762
0.18970203389752 0.399132267242326
-0.590203266023087 0.00270451478667756
-0.941071309104935 0.0951269587767863
0.129728130822888 0.360751363253637
0.129728130822888 0.360751363253637
0.129728130822888 0.360751363253637
0.129728130822888 0.360751363253637
0.129728130822888 0.360751363253637
0.129728130822888 0.360751363253637
0.129728130822888 0.360751363253637
0.129728130822888 0.360751363253637
-2.45718307574676 -0.217390207520076
1.93611646857031 0.397209458437129
-1.92831142776638 1.4228204617216
-0.555795932673606 1.438893493565
1.36879300675681 -2.2666643440187
0.431187248093452 -0.803268928740185
1.54581589159379 -2.0783239281498
2.00374534052001 -1.52755045006313
0.0598113232770487 -0.865833800261318
1.3015354443793 0.705614964685354
0.710831137621002 -0.111038576438523
-1.70410497902373 0.241238966869066
0.331590116608596 0.850741423621114
-1.21408933752288 -0.0444202026726051
1.31748041115264 0.779067375102161
0.181202516873169 -1.51913880858928
1.31364319354382 0.507314438999874
0.626821411668902 1.06594325513797
1.58580793320978 1.22760251357753
-0.534705132690894 -1.84792002665236
0.541992713486783 -0.520297537336999
-1.3326010299146 -0.352432675645081
-0.00332543527354134 -0.582801745983157
-0.483764219264713 0.422324112295533
1.57551419005239 1.03955940014875
-1.53804655990963 -1.47673907489134
0.752421770922545 -2.17264792150165
1.40407594109876 -2.27884534947736
-0.122582327883437 1.02960609558899
0.119489463156137 -0.203192262424893
1.59411908297367 1.05947116413851
1.22037612806226 -2.06874990325612
-0.951885970071966 0.251938302198621
1.81689775145913 -1.21483595405024
-2.07270147157477 0.835197483282173
-1.89940129380657 0.280339609620394
0.621005474218436 1.06394388692672
0.632665161542237 0.277722961285109
1.3894208608058 -1.29746074644185
0.633850866781234 0.120861327569626
1.60429276938254 0.688391902248292
0.74385832104445 -0.184205254781396
-2.22560044319785 -0.24158382728077
1.26877186170246 0.808551400417702
1.75775872724286 0.617488505357363
-1.28574660992342 0.210919898483579
1.27556789684459 0.767466803273847
-0.697354357674895 0.183108931318483
-1.15160975024062 -0.0765142753182306
-0.621790834332289 -2.16960065762351
-1.49931499389232 0.924718788117891
-0.0716563947209378 -0.638112724533613
-0.0279695413241487 0.923893142298229
-0.547969997827199 -0.0837436679918158
-1.36572285664099 1.12875939968651
1.06269228152406 -0.0559558429429989
-0.896715595147829 -0.232082476641529
-1.73633127574009 0.2498898826208
1.16043817869159 -0.102552570724555
1.75623546096235 0.616112360866466
1.44760318543078 2.11797239568553
-0.108744722305994 -0.479748855906767
2.35652389844993 -0.789500946144882
-2.14711978249588 1.156581062614
-1.17948097864574 0.454206767764871
-0.110878775668052 1.12382807040537
1.96573318710854 -1.15783394971569
1.24660295923154 0.85411030243404
-0.641810585558241 -0.18151366151321
1.56703863310461 0.532806375351514
1.75581146738409 0.617557676376099
1.58633664460414 -2.1028778162971
-0.990881017826003 0.237696491832352
-0.519913254504086 -0.976211122274189
-0.822334924192291 1.18689357260576
-0.444163656934201 0.599466703348231
0.243392914454906 -0.0482168336511684
-0.495698339010411 1.82514123446975
-0.917180537246373 -0.038874878016672
-0.0823054586603715 1.05974822455523
-0.126500149751919 1.50541392376692
1.65017049556317 -1.5751582075088
1.97355706565985 -1.18520582101823
-0.642682007174976 0.505938835701087
1.31376344019624 0.780027218110144
1.11799453761169 -1.05828695392665
0.0231557090074962 0.766970860889718
0.621027621744555 1.06360505350274
-1.39128264981121 0.542578076632333
-0.677653715630494 -0.0369786973240105
-1.28235694300459 -0.0309661468520396
0.382945562251962 1.74885444177946
-0.213657921631146 0.783625409544621
-0.864413045213427 -0.702640712503911
0.621351772690004 1.0391451437098
0.4032670156615 -0.250659149616556
0.428547024366849 -0.787044875447061
0.628592558534062 1.07926260538689
0.408365527648255 -0.702402377200222
-1.54117799734953 -1.05093129943985
-1.73366918838984 0.785059066907754
0.753974626412038 -2.01466763794204
0.354818706669176 -0.126716075243087
1.73876765413837 1.13085160962911
2.10449378222931 -0.771661933942569
1.24058300008737 1.90427988492928
0.593427216655066 0.801171596666567
1.60021767560297 0.699129016625237
-0.040101980450476 1.46554369296447
1.75556800710484 0.623758951008264
-1.92403141060212 0.302056253641359
-1.52557626118475 0.787554945783874
-1.92172922237764 0.68390902575941
1.2268867584581 0.758506260732662
-0.401886222745512 -2.17628503762698
0.621333714224816 1.06476069012525
1.47336135050086 -0.132603845428221
-0.507494363717498 0.372649965814097
-0.631965306469825 0.0466524717894081
-0.631965306469824 0.0466524717894082
-1.00224469345451 1.1836573201186
1.2474837340587 0.858965799081287
-0.308305028559597 -1.62075139343961
-0.617368907354319 0.567506497725837
0.702623491043194 1.78137817079403
-0.749860761619305 -0.361377089268668
1.28543278862537 -1.30174760641861
0.605968110259417 0.901216889800239
-0.887956616617467 -0.416248668556646
1.854370667509 -0.939558985776632
-0.452380649211407 0.341106819594583
-2.0216039653307 -0.114892004847756
0.595465852162899 0.982796100247735
0.436485062461776 0.811132785345669
-1.35831462633511 -0.051019804731069
0.103961560484796 -0.757650732443985
-1.07934825361622 -0.119708805505786
-0.887503912653521 0.390138664491846
0.095269782357189 -0.221440180782629
-1.5261322069289 1.2229463221609
1.80233358448301 -0.189387718347909
1.87815326731829 0.601304495982793
-0.828013971229128 1.09835916320573
1.28824627320495 -0.943060919091607
2.03552270880334 -0.708410772653256
-0.130257794259534 -0.415350385917699
-1.40591105648295 -0.0315368505199426
-1.29618616645271 1.13777765311348
1.56235047119528 -2.08642023792814
-1.0401407395538 1.18172145648289
0.700071856560509 0.189303907368888
0.241187408107061 -0.126061126983811
0.241187408107061 -0.126061126983811
-0.327125271816821 0.00855699266338518
-0.921119492943913 0.406439343348611
2.34405852902882 -0.152308683478591
-0.738728185786611 -1.33343468122664
-1.35836194791291 -0.0509761412094167
-0.708385476890501 -0.0502957057807765
1.52434610556686 -0.59022988105675
0.62102788913801 1.06656772774752
0.620973611481624 1.06450799335939
-1.35837392205832 -0.0509650524240004
1.56714790392574 0.533118355799193
0.991808271830035 -0.221135521869591
-1.02856311024486 0.448863970513337
-1.19988931199892 0.415307169137545
-1.35838309469338 -0.050956547164941
-1.35838486207955 -0.0509549072937086
-1.35838486207955 -0.0509549072937086
-1.35838486207955 -0.0509549072937086
-0.0286230514329728 0.538769249880785
1.61097481870799 0.682548662913326
-0.759199518166382 0.520749137432383
1.33735004423645 0.616623257693384
-0.793428373527064 0.612376303683761
1.00757350744078 0.58706074280093
-0.808941185200627 0.634942654149836
0.321689781757634 1.93631267747793
-0.552171616553873 0.267983894636178
-0.352071307103194 -0.503933531205394
-1.35840816936661 -0.0509332493596293
-0.917201347422727 -0.0388593996270844
0.634995310833406 1.07109609280689
0.169437676508843 -2.01439526872008
-0.05208392096794 1.18736073787471
-0.866668687117529 -1.54570964983098
-0.640144439412515 0.49839717267557
-0.770041241805536 0.82973999001262
-1.35841571995979 -0.050926220332015
1.60550760883896 1.65002052853297
1.84066486606969 -0.764927858415524
0.23866138265828 -1.86797563334627
-1.3584265180784 -0.050916157367842
-1.3584265180784 -0.050916157367842
-1.3584265180784 -0.0509161573678421
1.28012542614857 -0.94411320587831
1.17501707910526 1.87687344211243
1.59905009239636 -2.09188721380691
-0.542733424699921 0.301597582640311
-1.46235647213066 0.262532370200987
0.19992864651733 0.453958438000635
2.01747164076762 -1.21331625432836
1.25164257321344 0.858094022930426
-1.17380859812607 0.219439591574183
0.62451101312634 1.2036172240726
-0.774227512644413 1.05195077228957
-1.35844052402445 -0.0509030862988159
-1.35844052402445 -0.0509030862988159
-1.35844052402445 -0.0509030862988158
-0.90734164079665 0.172375702475854
1.21873975434106 -2.20666899075039
-1.77004513747539 0.831133582736522
-0.660548695774318 0.340246332601547
-1.26435687381738 1.1455038027057
-0.668281413560828 -0.207195336502133
-0.938871004980969 -0.649497668683489
0.959515838343432 -2.11088803969365
-1.04982407369537 1.18146982880716
-0.357281588881811 2.26136381665542
1.28307523530787 0.808938831530483
0.815587546493679 0.915319374196082
0.621076437646863 1.07313810214925
0.992845050694956 -0.0261312912245488
-1.08749424578601 0.226171081302327
-0.629398067659117 0.580507424087772
-1.27514605436832 -0.676453658309857
-0.02170634468647 -0.137933983424733
-0.649918510089006 1.84239426017094
1.62877448676422 -2.11959359042994
-1.2854905389726 1.13814236557786
0.660062907470431 1.16608205056577
1.73529742950256 0.159276070881482
1.49204832289115 -1.09150449646467
-0.649930412476758 1.84239489568496
-0.662348843415295 0.563396271555973
0.809849014936032 -0.985580426705257
-0.957124999278055 -0.640991408302839
-0.932209147231411 -0.715960636094051
-0.70526260494427 -0.0345354172049896
0.629045270454066 1.16620081806835
-0.235882784067911 -0.470742775282069
-1.00166606925884 -0.611252659010335
1.6527931349931 0.656215945496104
1.88058933908699 0.944293773704165
1.60643223469123 0.694039630355863
-0.641717744147137 -0.36208877163343
1.43145695055959 1.66573425675314
1.71980564439738 -1.40489187684516
1.27001558098462 0.781755874717771
-0.620066476680005 -2.1697932337553
-1.16311217565772 0.315219613897263
-1.01991356466501 1.18286643272399
1.88015610586181 0.947357397994294
0.689555265145394 1.53215988690899
1.03792263348552 -0.994112809798303
-1.7685617025527 -0.665628476523927
-1.17495725714881 -0.529844887971946
-0.642188551950189 1.18767252883056
1.45023202428112 -1.64921498585545
-1.34238720726173 0.417388203182965
-1.30308499609882 1.1360490927785
0.693853378882548 1.50420037757796
0.304544029558794 0.402097625783506
1.5254083998556 0.4738992944544
-0.065389078310791 -1.00672245972548
1.58854982514752 -1.38976352708943
0.621457133485309 -1.4559383623479
0.662154951191849 1.22425793533029
0.839254748366518 -2.15259713678912
-1.6116697163346 1.01179228537148
-0.982835716079233 -0.861691504925281
-2.18417751769042 0.287089831665684
1.87291642589681 0.96582549920662
1.74818213937118 0.638495055281172
0.498098427817504 -0.0876290962007011
-1.93482708837965 0.265925435923638
-0.665920574252893 0.561086908133759
1.51539202690351 -1.74201479441361
-0.651072183212633 0.565919410815989
1.02187845453304 -1.25010452220313
0.56293435836376 -0.345139229331221
-0.0654154825545817 -1.00670420946419
-1.05593475880567 -1.29227551060498
-1.6690662922695 0.516494473879736
1.53181105304591 0.485519176832929
-0.663118009440269 0.560950097014882
1.64527423107187 1.04261359710538
-0.912673420717667 0.193959250506294
0.683548305827099 1.52195804445139
-1.03876635206002 1.18283422851565
-0.964575016890014 -0.12158849102259
1.66626979549763 -1.32180157530657
-1.88278947358883 0.670405076009655
0.0112866580248462 -2.05272030784647
1.66731805411654 -1.31634324011055
0.664707991190321 1.21191857151105
-0.120910647535465 1.47643131514549
-0.842858250677117 0.302657046430011
-0.801706944241939 -0.352416330703557
2.31577681155152 -0.00366034227468232
0.081435349805299 -0.176710724794839
0.668065558590656 1.2151299376607
-0.7153861822318 -0.715980170001926
0.664777979580959 1.21745945825196
0.666221293900516 0.889013829475639
-0.978430801809004 -0.109315563269719
0.462569547480151 -1.07077285793358
-0.874445563646236 -0.538744387736092
-0.426836581551859 -0.871484132039385
0.282357417128929 -0.471958563357386
-0.875208361239027 0.162690627792171
0.664853619409277 1.22137781022713
1.74538187466868 0.64406034704743
0.0997318703797115 -1.34708823171106
-2.01681217574338 0.58412092503583
0.197720626418594 -0.367991174602447
0.205013736111891 -0.293960325944527
-0.00961731878558448 0.114273924404276
0.251512318574324 -0.823627110238828
1.7240622075625 -1.39440315792266
0.660235720751809 1.21589116193996
1.83947905892773 -1.81983575032468
-2.15977892418213 0.263772104692499
1.61261773556117 -1.38251981842891
1.43210721025962 -1.67828881392868
0.890712374491373 -0.501105015033823
-1.3021025207392 1.13632805806948
1.21770091018914 0.753413535413876
-0.964616999932269 -0.12154616563077
-0.964616999932269 -0.12154616563077
0.962293003695192 1.44241407496818
-1.82357889913068 -0.466887416385488
-0.684939738351374 -0.755462760682967
-1.8782921505681 -0.596627498733097
-0.623375800275814 -2.17028532226858
0.564389000258844 -2.27827301609557
1.91163892969213 -1.76299636028071
-1.02008401313342 -1.33412462304882
-1.54514422789281 0.586986309715279
-1.3657251188256 -0.745166313771123
-2.16530114671847 0.0258454398955917
0.808768956727197 0.55959816423256
-0.682015611869777 -1.8317486647435
-0.964631142971153 -0.121531703224583
-1.77389164281307 -0.167535553802615
-1.15796805401401 -0.938875298815249
-0.245949113649594 -0.990396915079992
0.806010041897486 0.566955840734159
-0.837357717805988 0.606354211754425
-0.758758823376452 -0.0484876683517932
-2.00801995988387 -1.69545852318368
0.666713453466634 1.28909632824595
1.87507672682282 0.973639385821138
0.803237340594629 -2.1461152482042
1.96131538853676 -0.692152392239753
-1.81625330556745 0.807034503260746
0.668380500622442 1.29551472384346
0.181007776346392 -0.0700818733269122
1.25878177263287 1.87664775474926
1.66313093914011 -1.32798559760695
1.67282465929345 0.651521727884513
0.801416839871867 0.537307915047112
-0.74942822585371 -1.0496581738312
1.25463457816356 0.605105048321627
0.597123889407097 0.86803679539229
1.65972661071312 -2.15180616294903
-1.4202033932017 -0.472061919077612
-0.366608272024272 -1.20451027615824
-0.18896272465131 -0.979143971580959
-1.48541254366546 -0.319243162461986
0.327156286930666 -2.11424746463177
-0.0168940715429113 -0.516345368787284
0.706586643775776 1.6365501903859
-0.659225078290756 0.558744227694204
0.649447679483861 0.223804065405152
0.561196209460999 -0.40352331396433
1.68386891978886 -0.157047588081851
1.00916159797215 -0.355214194095152
2.21473550167694 -1.04924299419388
-0.0286033390018786 -0.684567398040607
-1.63320700563109 -0.976809491077465
0.652105162664304 -1.19402086456968
-2.12621907325141 0.504482703983766
-1.60194365254316 -0.096041615417938
1.77528582771675 -0.642561501200724
1.8633032353177 -1.81801817755107
-0.505644641184524 -1.17483464231841
1.52432581745393 0.471882923261173
-0.852872190458739 -0.112488565365459
0.610611909665085 0.922307260649538
-1.98837404254554 -0.197007371975957
-0.180582079649423 -1.10200285231273
-1.20421321024197 -0.591595505207208
-0.828676270914262 0.165585771167868
-0.85200764757649 -0.0998852660240488
-0.128104690170001 -1.69062183476927
0.544189272946837 -0.703436210692945
0.544189272946837 -0.703436210692945
-0.572314881692244 0.869269812086231
-2.32376983024075 -0.204977113405152
0.286366431679654 -1.57592310909038
0.907918688613084 1.06488790029613
1.52432902217408 0.471891570336023
1.58620685276409 -2.09642662618683
-0.68399769141542 -0.445954311523296
-0.551983888262739 -1.4854838535596
0.600657412126798 0.953864123932829
0.595908433106346 0.895723197996582
1.52432996541683 0.471894115428664
-1.13365669837173 -0.869138964088146
0.55222224427627 -0.722263553387963
0.55222224427627 -0.722263553387963
0.55222224427627 -0.722263553387963
-1.98940921675966 -1.54834771134163
0.671791774317587 1.33491576759345
0.687013505268281 1.60042820414257
-0.0307381663650094 -0.95329494508615
0.187707153147656 -0.966472085472927
-1.64264891990214 -1.12977102934841
-1.3765951697414 -0.434050289834099
0.914765336957566 -2.11168908797707
-0.889566119726659 0.90510242979131
-1.6119357963203 -0.550162273704858
0.687766771839961 1.55791268550547
0.39597245842989 -0.679777895418725
-0.882797148777003 0.894205631750723
-1.52893644212762 -0.428015114288864
-1.15791962708851 1.78592487193473
-1.3899054327468 -0.874818983046931
-0.718627823896613 -1.93996919606731
-0.811543339412169 -0.94354241182325
-1.12751855988982 -0.727500893073574
-1.76376022314984 -0.40744682558321
-1.12631840915409 -0.728540364189335
1.6237007916984 -2.18415771306789
-1.11300466231037 -0.559761813014763
-1.77594860171875 -0.313940125933361
2.67751395012055 -0.566896016978061
1.95920163260963 -2.18457379181324
-0.105950900461081 -0.109420387344751
-0.500991106215882 0.394441659383609
-1.6574468699767 -0.0580696709997221
-1.27635145717955 0.601137302181253
-1.81484080273045 -0.654593987692544
-1.5206020635858 0.84692435536566
-1.27492630384247 0.600932034617235
-1.72175961941266 -0.475044348393972
-1.51546333124786 -0.243622263419883
-2.0888426765574 -0.318667177925229
-1.86980618059466 -0.247869291115413
-1.43166373415716 -0.792970638361154
2.54143911637287 0.295031282173829
-1.62781953402958 -0.266787982140268
0.0056899880333786 2.3661902116859
-0.69132438450181 -0.0955293214795394
2.17972376743704 1.5269986360813
-2.0494750577523 -0.120559713635865
-2.16184310919025 -0.878297612782112
2.16226150448611 1.54057433100964
-1.29852691183931 -1.87180499010334
-0.278816231187368 -1.18072991620146
1.72134060149414 -1.98429238383858
-0.2545667573563 2.46914520066262
