2.35907965135984 0.65412730687424
2.28429681562889 -0.257513816850131
0.466987078292247 1.40575624445061
-0.840749681599788 -0.571055437796393
-0.62058772691629 -0.994831578767088
0.252063089722892 1.28802479862776
-0.606343274868557 -0.867005439235884
1.32238148737541 0.465161957021165
-0.416810511420053 1.66353195310159
0.73010881870079 1.51662980692502
-0.995947206296092 0.511609544276272
-1.57359460787336 -0.60574201336096
2.22211857162973 1.34279145029701
0.26060932936077 -1.05682924558198
2.38164755038802 0.510533827329968
-1.51991740224596 -0.564031778239624
2.38555394927848 -0.403922406125392
-0.0705733105794106 1.51658347891478
-1.4874849932743 0.761612698390515
0.569889304025936 1.79288855465947
-1.37879014023967 -0.155902080584039
-2.0883193477123 -0.68602422212055
0.280287124247133 0.598330862286192
0.188632087872738 0.24276016101576
1.02328282846006 0.106375130567742
0.729693669958473 0.543693344004813
0.382084027078526 0.636470037730347
-1.29189261120149 0.0384661837764788
2.26376153179033 1.32848805332523
-0.492859826685598 -0.722617633276453
2.0322214942138 0.98047780215104
-1.33681362498436 -0.0396902215811194
-1.75146289435807 -0.803437031563618
0.420890504397429 0.91155709939931
0.752055442925516 1.21146459836211
-0.575037249826529 1.38748832517653
-1.30298019727694 0.0273893893437014
-0.760164081038811 0.0159799919925719
-0.0503647531875753 0.47567679826443
0.952784043094101 0.624352156364866
-0.338820116830441 0.425558856343212
-0.0749378371861005 0.38419862830217
0.0333916407183335 -1.56106340765638
0.373506683849188 -0.0502080968723421
0.380130562538864 -1.05360780197959
0.180771337781874 -1.11191816951925
-0.89336310873256 0.616868651339395
1.38510109138988 -1.42605777728855
-2.03376678419319 -0.103690071717123
-1.68663127471585 -1.37039707612998
0.35894164897673 0.145441894076079
-1.76417406389219 -0.818761411838824
-0.188673692456125 1.20478378736935
-0.175593286744161 0.347489005514557
1.08805867341176 -1.20454993441417
-1.25849883171233 1.30090326201561
0.639182119208428 1.429159018418
0.21839148165352 -1.08875721354463
0.178583935290845 -1.11465320417094
0.193759681850866 -1.86215125732505
-2.04004174017988 0.409813179622508
-0.25255878730816 -0.0322536327930205
-0.601185629662187 0.00502506576522755
3.16433777443627 -0.85066006674736
-0.0998733450253542 0.400241985054947
0.408639763132131 2.31023192227691
0.260907740275983 -0.981033092852247
0.0211276762275131 -1.6006551054555
-0.114487280324535 0.428854417594158
-1.28773598729841 0.682578851456838
0.200617807938546 -0.207554318001161
0.219871795992062 -1.82606164113484
0.642581605444516 0.764218266496416
1.02375676363487 -0.979867579080898
-0.584845624756141 -0.124621806209857
-0.801163967231168 1.77956853295117
-0.955575575082787 0.384865524657569
-0.930461894922825 0.664547277537972
0.733091264422379 1.70056494711711
-0.550241439515064 0.015548845301236
1.54392765728292 0.939010902961272
-1.10967978802515 1.53156906128997
1.00264167765945 -0.938114193081977
2.1606212792701 -0.0917589710005246
1.67737387233234 -0.837174703497337
0.424420156483493 0.0187633187586844
1.08197692812584 -1.04972369849603
-0.426507381100921 2.20025610924993
1.51200722814066 -0.812674514189767
1.06650499863451 0.167378579945931
0.21274870806427 -1.08216201146866
-0.382155768445712 -0.0445704489549921
0.212969252889825 -1.14279727897321
-0.145813849487609 -1.00968521286338
-0.855317679837387 0.643904982491315
-0.931495469833027 0.664257372973536
-0.0508226142792955 0.641444353928198
-1.80400677234233 1.72428888449414
-1.00556909019221 -0.218321861484598
0.380882875443769 0.480908859261733
0.231246009161035 -1.69320694346896
0.478932865866979 -0.663860288654852
-0.453283411210067 1.54800110952532
-0.19209362211129 -0.849763134503429
-1.67697299988126 1.89734291134004
-0.604943905939809 -0.545912777293894
0.241474733702382 0.633347750202431
0.224125312507918 2.18187836723064
3.27027794207832 -1.01600969369061
0.127750271273901 0.198153581463111
-2.35848752865319 0.491499210858366
-0.865971835632421 0.6420933535389
0.455293661333646 -0.983192073342444
-0.0302182108507012 0.399800205403713
-0.83501304245999 0.617274658166162
0.0364546010329696 -0.257529091579318
2.57296891110315 0.322186039705345
0.00881941670805681 0.273234145265062
0.0919049963610324 0.726295567395208
-1.70494452604009 -1.42584833523875
-1.47999609664107 -1.17303943008152
-2.20376014443956 -0.368310828939097
-1.41765558197619 0.244895530371682
-0.773736170195073 -1.01088901720979
0.997335579127871 -0.951998884608116
0.528785675793587 -1.19656243048971
-2.25662736338059 0.226652941025112
0.594487288025134 0.380190618230695
0.594487288025133 0.380190618230695
-1.58122569158691 -0.333744099563772
-0.595165581953957 -0.0321017558545344
0.319551762219414 1.29826215300083
0.187941682989579 -0.994796579616554
-0.823594909258267 1.70858012411501
-0.514408911767984 -0.438474197616079
-1.03193996178712 1.47864665814066
-0.938561618567496 -0.908286155444125
-1.09214196193296 1.99037705123684
0.135393954243284 0.624531628961503
0.436336962757135 0.76810137881904
-0.0861486313188559 0.376918428571231
-0.28731482813016 1.91530075429675
-0.191459001678499 -1.94826836925598
0.210465097108222 -1.83678869875484
-0.847263387178099 1.4642203427592
1.55754060369361 -1.22000249257417
1.16555545256305 -1.30156867035877
-2.00243569076712 0.15737761783657
0.0618589102022841 -1.0344772410065
0.163975989179881 -1.51057934690725
-0.0608227436001294 -1.0366836642623
1.71642809823652 -1.03085221098481
-0.402827099938799 0.0215927881485925
-0.0870796719282648 0.377039656820555
0.490876898457086 -0.84124034656609
-2.22039582425835 -0.272268949442551
-0.542206940651232 -0.0708244394174634
-2.20279478743771 -0.293330778446076
0.290310286462749 1.4765333872009
-1.92860971899828 -0.788931055655954
-1.92205666014976 0.121455839537318
-0.816376748628712 -1.03815337700079
-0.691093594151167 -1.07265252005295
-1.71082168438598 0.375908905966313
2.09149074913967 -0.531074638460075
0.398998099092953 0.0395994748082208
-0.355386736825799 1.18687054412244
-0.475222468947649 1.2005116030936
0.820108702176891 1.72449869835557
0.134438465955267 0.624727629790832
-1.77259034141653 0.843398667412606
2.82120751431914 0.419728213897641
2.18595858591367 1.52344158295786
-1.11304466689263 -0.269590394399079
-0.992599061417227 -0.0800148811464432
1.03836643959123 -1.03984222458979
0.645785742875573 0.412305791810355
-0.606707421519599 -1.80990870614334
0.0495237711632756 -0.431555121123573
1.14793637853339 -0.948503909792086
-1.08843565117274 1.26916051405213
-0.895117116917856 0.609514227042151
0.515926735531013 -0.254505532473874
-0.296157806146697 -0.813277673649998
-1.50664703766918 0.790366900291061
0.438067039997082 -1.82081519075365
-0.702287348026814 -1.08067613136717
-0.748971252494905 0.605601848576507
-1.34870922126658 1.0555630089213
2.29727379691811 -0.599477300121511
-0.959562348815009 -0.497437467043241
-0.607928904108855 -1.81163408871247
1.23783447126069 0.671934068228245
-0.0789442216487123 2.03924397613906
-0.0789442216487127 2.03924397613906
-1.12397856915393 -0.361065776429023
2.24247469020932 0.0603332462362795
0.525248820974654 -0.34002897290684
-1.63773680022123 0.759200714806524
-1.24517442351335 0.00662213400079541
0.345027042327949 -0.0484912727554203
0.00496408335726197 -1.61618182679264
0.424586937253618 -1.06568645691775
1.23196340720817 -1.05514426177196
-1.67610662829827 -1.41059387293753
0.420226788727102 -0.338325202027579
1.22676081480906 -0.952808330844798
1.04213483002088 0.750546148822305
-0.574626327026778 -0.080395938728301
0.0695449818403826 -1.02424729418556
1.27748473229586 -1.00412605510503
-0.924439608817192 -2.30381361028004
1.00950885369878 -0.956975504926159
1.19261506499571 0.0847924705814772
-2.30515801531145 0.973617910762392
0.153074349007087 -1.0864237171996
-1.32319365913561 0.0749614027451159
0.177736722089384 -1.11586496830562
1.52115499808494 -0.926406750819412
0.980871414876148 -0.809529406657543
3.2234858669132 -0.978643385290882
-1.258787116074 0.0546471888733275
-0.53359185676619 -0.285060842903247
-1.22994565780551 1.35587933839089
-0.0929440038134139 -1.06087462491649
1.06728675950947 -1.06214040565293
-2.02059165914218 0.804787258661184
2.7074355362091 -0.180705295598801
0.255984237019743 0.759613134584371
-1.8955352671954 0.848706923618386
0.990092890491901 -0.956717003363616
-1.10243400163648 1.99005918921063
0.302973002997183 -1.19626407513475
1.07678193377501 -1.05006757762713
-0.157905749128373 0.42729646054708
-0.0738003531303282 0.435888699950522
-1.14249878689504 1.56911793690883
-0.804999093026878 -0.368513980727277
-1.83747751424582 -0.783079002664903
1.61299957158826 0.141640116215777
2.40020053210756 0.665300986732027
2.57600482239604 -0.18190489380564
-0.702990678251893 2.16346744731878
2.14722289217551 0.415132665002608
0.22998269670453 -1.0598652147134
0.89689870168238 1.73297964426145
0.104659351306177 2.0429891956023
-0.746014869528548 1.03506170817273
-1.31913747934234 -0.728660536901727
-0.0493644629391216 -1.03500579085309
-1.40626948865641 0.0416282634334823
-1.2050726349855 0.80275735537784
-0.171367570280256 0.428567762903021
-2.18131146630631 -0.315940011504542
-0.522024450441638 -1.97064101183236
-0.0302923275088672 0.586426323874566
1.08000037234211 -1.05234331186834
-1.72583010099619 -1.40941374358875
-1.85883072678228 1.35079170518728
-0.988736026409838 0.591505421843361
0.310902232136661 0.527242537986265
1.25352427618836 -0.774614165816965
1.88063077812304 -0.92303738128409
0.120481705459644 0.707004463145399
-1.16877778013895 0.87258153545768
-1.48949091249375 1.39513180983632
-0.69537654934791 1.15085086796127
-0.503358728421987 -0.377204442232435
-1.73076335212196 -0.459850173023363
-1.72215400528109 0.965235727420754
2.21293087457813 0.775946356622874
-1.34757567370569 0.00903689864987233
-0.973967300029729 1.53484270928126
-0.4383370467135 0.0862321994039809
-0.300225464346651 -0.175839180818131
-2.15366203164375 -0.541471789649083
0.0967744008903962 2.0412673360513
-0.0488263742630734 1.28813895842101
-0.714040094392173 -0.995160226189761
-0.618485951391063 -1.82509673587894
0.999935923364678 -0.939523252623565
-0.623317518596064 -0.201547928199753
0.153363810936497 -0.982850768063326
0.996505462899237 -0.952337692791408
2.36398825920356 0.722570499861565
2.3597957610543 0.557063126331148
-1.4959708742805 -1.01998014738143
-1.61466662395112 -1.5021742612572
-0.702794337037703 -2.03062994098314
-0.102689324435735 -1.04080244815804
-1.05904818626129 0.24772014517915
-0.797934538707413 1.34782236730981
-0.755901129861889 1.02209410358953
0.2235532995409 -1.08681524040273
1.083784980407 -0.91301343014734
-1.29599549272311 1.99597970303194
-1.26239518283965 0.0540230151026249
0.135177603462278 2.01674122390959
-0.0918805385909838 -1.06042877984015
-0.00506569748006471 -0.294633801547974
-1.30619533984682 -1.18056180204762
0.0198056921255307 1.15995525695097
0.306050299652452 0.548085410675517
3.26954446344317 -1.02687602846702
2.07411649037601 -0.710367454426872
0.00882752269635737 0.82513059185678
0.463327544516579 -0.0810494416590405
-1.33518550138351 -1.00890791488264
2.05871108503458 0.68437240359471
-0.640567156666494 -0.446889204515078
-1.65547937772811 2.07360388807174
-1.08719598997308 -2.20318114469452
1.26466716476702 -0.890428243962489
1.01421721747903 -0.986262071121582
-0.14089612583644 0.381406457578873
-2.13871385066527 0.0217853423943841
1.71411547065624 -0.305980262926969
0.0520429969908145 0.729867601895666
1.46525297096833 -1.37982636959062
-0.201667010706654 -0.0591544789070303
1.07463817100911 -1.05210747164379
3.14240061444006 -1.08212821480888
3.14240061444006 -1.08212821480888
3.14240061444006 -1.08212821480888
3.14240061444006 -1.08212821480888
3.14240061444006 -1.08212821480888
3.14240061444006 -1.08212821480888
3.14240061444006 -1.08212821480888
3.14240061444006 -1.08212821480888
-1.34720047271158 0.0089635645521729
0.0472991205828902 0.692287733876671
-0.398461642299618 -0.0152407395187887
-2.06366087807574 -0.778138266704414
-1.27273474649418 -0.61787355645343
1.02820593604554 -1.04902471218415
0.0552493416354227 -1.58567698773973
0.477672059922196 -1.09919813126545
2.51075026988048 0.125034698195954
-0.6124617637879 2.22515085783294
-0.181530674157084 1.86287016035439
-0.166293504920648 1.12213958139562
-0.166293504920648 1.12213958139562
-0.166293504920648 1.12213958139562
-0.166293504920648 1.12213958139562
-0.166293504920648 1.12213958139562
-1.99893626773155 0.157233023941376
-0.792072152094847 1.15182759767889
0.509451562387227 0.802805513722203
1.7280779962577 0.423292161872991
-0.0996950294370028 0.378880134993184
1.08265126249594 -1.078857469493
-0.520344187578707 -0.0449411020994
0.978252145416134 0.27311579926015
0.556704496173101 0.237826138093195
-0.301387941587863 1.83918952797764
0.746576692008281 1.42244959499416
1.02062155011527 -0.970080556408383
-0.418746327442944 -0.0163183693891674
0.0390151509434585 -1.59466449533298
0.750857711584404 -0.816185866332317
0.750857711584404 -0.816185866332317
-0.0405416100190801 -0.988206800750511
-0.189100049707149 -1.94702925715746
0.745140786282763 0.360815122661577
0.719136836549211 0.131596073936111
1.52593027519994 -0.766681494699429
-0.103400377117591 0.379733336461673
-1.67445938128765 0.377652759127946
0.431416513082727 1.49017183010198
0.277997361889852 -1.74526333425754
0.291942150831194 -0.385010715055624
-0.427610068369491 -1.99786530318969
0.506255283461527 -0.0729589349333664
-0.343039785047823 -0.331381071223545
2.44364097306029 -0.316502881021609
2.77678884511714 0.122953475732573
1.08628994511955 -0.96399057795283
1.51487085299905 0.138632485329329
-0.431832821854446 2.21772583295026
3.14301131605171 -1.0830986461288
3.14301131605171 -1.0830986461288
3.14301131605171 -1.0830986461288
3.14301131605171 -1.0830986461288
3.14301131605171 -1.0830986461288
3.14301131605171 -1.0830986461288
3.14301131605171 -1.0830986461288
-0.551748739311392 0.0158389423751673
-0.00749165330078772 -0.266870383774051
-0.551803396015029 1.19602942719636
-0.102227934561703 0.379213799868888
-0.496295160177698 -0.0199607447696741
0.409427130663469 0.794464729767502
-0.794097966213441 1.67252369446523
3.2359273461717 -1.11789178395363
-1.45884810136579 1.29084791512528
-1.31252879242181 -0.0491273842849048
0.311561163206168 -0.363176897964063
-0.0974959820526135 -1.0398924809879
0.273741879984127 0.451939535854649
-1.32591069137509 1.25002728710457
-0.116416060416739 -0.558002951178129
-1.08432201499994 0.704799694523043
0.304664951076479 -1.77592780701629
0.383804767061056 -0.468690554384663
-1.50123318780619 0.741106514754315
0.404780533973602 -2.0180280843348
-1.01151213861377 0.737896068219262
-0.103384316572229 0.379366335015286
0.998231920614246 -0.942161553844265
-0.601692026697141 -0.584377152301853
1.07635952272704 -1.06945040356682
3.43160979940449 -0.843119161953371
0.194153168025376 -0.955306158131431
-1.22516826982737 1.26421266889888
-0.591257497894863 -0.476458507337414
1.20165187059974 0.237633711763205
-0.327402259595347 -0.0481411151585341
-1.37665223439358 -0.577409215536352
1.03613268437421 -1.0558711043052
-0.746260098193582 1.03525263010724
0.0519622323541227 0.729842402279162
-0.893976984880365 -1.07976547768235
0.992996689582942 -0.944148633554627
-0.194237814419846 0.941273513429846
0.775547915720197 -0.734762532841642
-1.02254589149981 -1.07249360475276
3.43275749586649 -0.842948317686911
3.43275749586649 -0.842948317686911
0.0426112354589112 -0.147712129519854
-0.585691229380708 -0.581303077141964
0.0827509770599218 1.34147923268352
1.04943926678361 -1.05481527530414
-0.760951784471878 -0.927193988526375
-1.41327305068071 0.0317952337919363
0.417536813905836 -0.394091358769255
-1.09939362424164 -0.54127701300341
-0.143744118196932 -1.92069620390132
-1.61190995602332 -1.46159607779936
1.03575306935635 -1.05645165973835
-0.886475734350869 -0.0114784352986337
-0.102437498629646 0.66106009060646
-1.34772169548949 0.00902720152871354
-0.771201921158989 -1.00938666833498
2.11364339178733 0.990228263363014
-0.603651415564551 -0.508226421161069
-1.32670923001782 1.30249633754187
-1.44777582864884 1.00405968962809
-0.106564799477487 0.37975909084579
-1.38794019966111 -0.742668979807608
2.6866300766351 0.157142054174774
0.0772720389365719 -0.356676991747976
-1.32906474834138 1.03738693383303
-0.590887956387009 -0.577910384604922
1.76632771314558 -1.00792098778973
-0.59830310032526 -0.455326817241409
1.18962538447242 0.641102812139475
-1.03364747885243 1.4791208731453
0.53613361108187 0.2960145586096
-0.902599466780972 0.609443020869547
-1.42384159833034 -1.75388165640182
-0.440480429495924 -0.35709675647343
1.31793393309283 -0.0629597405298112
-0.746587935108905 1.03545642703359
-1.60098764434951 -0.922962449839362
-0.0731881781879519 0.42458532095127
-0.101548628375053 -0.295573406614187
-0.89390802265738 0.610972362411561
-0.661247968344263 1.11448372226009
0.0512725648139927 -1.58786191477688
-0.073623541037628 -0.98591986678093
1.76768356815742 0.822105918517681
0.445522064845706 0.0229804817665928
-0.158386410128234 1.25235480748854
1.97505344291192 -0.210046390383886
1.34318948971929 0.337279655625804
-1.34557081083892 0.00942845514670055
-2.10530149259863 -0.670702324538321
-0.599726488151155 -0.498839830993748
-0.0670136591143915 0.589536800206984
-1.0342872758168 1.47929506531672
-0.406528430698962 -0.0723072113238708
2.17010237454194 1.45327613787302
-0.497987631219048 -0.3744302917448
-0.504697468589227 -0.379988685281265
-0.0303207920036528 -0.431976223180355
-0.310147764084307 -0.167359017408816
1.06950171721773 -1.05250401201198
-1.52429943718358 1.38693701573574
2.4714551322237 1.30986241504931
-0.0137589655200203 -0.268211620022518
0.829188054950377 0.921850365951707
0.0446343499080014 -0.356516226925867
3.02341793257587 -0.0641063391353087
-1.71097037460559 0.375942057642876
0.205665914776545 -1.84444792984455
-2.26674775212259 -0.599729554647368
-1.34729904278702 0.009034416539667
-1.32406275896648 1.30191298736508
-0.474245086867567 2.00870426552797
-0.595174495973728 -0.0321286064408187
-0.00563515206301101 1.96290762654952
-2.0531020126374 0.709413891576167
-1.88249207414754 -0.739372812007194
3.42257833580071 -0.818562914083761
-0.0060790647048001 0.683718557097749
-0.6918262888606 -0.938787624443223
-0.591537136900741 -0.485281858842554
-0.608351374802723 1.89764894078622
-0.0485157415245385 0.429217084091993
0.177686712410214 -1.11588394315623
-0.191036561287218 -1.03213222578899
-0.501845121345561 -0.0131511924027551
-1.21811650917863 -0.254234540020816
-0.158454210341838 2.49015830361185
-2.09682462490588 0.705527483719369
-0.769639293158797 -0.961447316422659
0.237550810376522 0.412889733775338
-1.34720424241676 0.0090539813860535
-0.995652267423513 0.6835435038113
2.4531147099325 -0.101704595163563
-0.905682113215363 0.60882594631632
-1.79874843324276 -0.710818332251591
0.424680858948647 -0.108118267901931
-0.478805469174695 1.5071439750975
1.4840942216874 0.589036746968851
-0.523666911673145 -0.425597511003885
1.37766319182857 0.167915741704156
2.65407108125542 0.58325895750976
-0.102781394127147 0.400489339379567
0.490272368177511 -0.446389162842756
-0.255150359654512 -0.426107678459086
-1.34734053517638 0.00900264003740806
0.671535759312149 1.98297850233066
-0.661042004306623 0.278267252638035
-0.503355988817985 -0.377126330284884
0.0281625600668495 0.361993849039285
0.550224469352679 1.65755938200707
2.36268403827334 -0.318979338096136
-0.68317801196302 -1.05863366873061
1.52326394768636 -0.111860915022598
-0.0801021375732439 -1.05535700617088
-0.740566716232986 -0.20964965796184
-1.34545123539231 0.00912667857119801
-1.55699280288403 1.23615882955325
0.0301969135183258 -1.98427932205681
-0.794196839175418 -0.920180112775773
1.52569509734973 -0.830329106507428
-0.416372676821815 -0.324441158781596
-0.605041038951827 -0.517237393406012
-1.88452584071584 0.117249907013725
-1.35439958805012 0.685023815716714
-0.477750787934569 1.7021831641737
-0.495248903818213 -0.0197849284865845
0.0831326156677002 -1.09232937996159
-0.569228028641324 -0.3756227401331
-0.74274354772784 0.634329123237645
-0.609354617706787 0.510021512955356
-2.01998888831889 1.66544637181468
-0.385628653937133 -0.024245222893321
1.90099059349931 -0.787710332244211
1.40975992117393 -1.08502600454792
1.9729114610955 1.12320778113761
-0.531627762310689 -1.37138496060775
0.0345112103827493 1.64626885660479
-2.02574453454433 0.744840197860004
0.00531157766842192 0.360200846505863
-1.02075427323922 0.748404888189702
1.70574330384638 -1.03745264738593
2.28606980853365 -0.132027687396572
-1.9279222330329 0.12229306576884
-0.969888898700231 1.54604634458674
-0.897048319217238 0.608933918293791
0.119281657438573 -1.93705792556021
-1.16704477552115 0.734802446828128
-0.683883095920181 -0.326645492500733
0.506628036612632 -0.242045793791727
0.158862114017379 1.31013456248641
-0.860967699960109 -1.74167542635524
0.0266159145505617 -1.08046718904718
-0.852831309182245 0.365073017942662
1.45762178178335 0.810413351425812
-0.0881875350599743 -1.05934432546447
0.886572476633463 0.253899531570365
-2.1530718219343 0.506919278055644
-1.3481772739638 1.05499827445071
1.76220468900141 0.957712301289833
2.18442178325325 1.04544626460416
0.212306564875696 -1.76550040919209
0.541277761831396 1.12390265249148
1.54953262845499 -0.830387338622261
1.04170218221866 -1.06295554946061
0.477902246592546 0.707073720798923
-0.7231705242028 1.14864766901336
-0.706150909495294 0.144615164221253
-0.504113627100479 1.90853860649563
-0.0585252275604677 0.757382368930419
1.73528352878758 -0.840926964597195
-0.491188636133866 0.699866507348711
-0.491188636133866 0.699866507348711
-0.491188636133866 0.699866507348711
-0.908476836697604 0.609063340946116
0.405782695200516 -0.297783583889072
-1.30548782540457 1.19669351110193
0.516006672802729 -0.00809111963681876
-0.906553449627311 0.608875429699045
0.421998093161044 -0.607266915661659
-0.403395643711149 -0.00301533889359481
-0.0851149562398386 -1.05748924540686
-0.19284518741621 -1.03297958493709
0.234936465674213 -1.78824883373323
-1.34745582180608 0.00904236980582151
-0.189856611001702 -1.03158343340092
2.36318460965373 -0.462817164033879
-1.31464498775616 1.66131986956805
-2.06629071161765 -0.777725217501102
-0.109557064277209 -1.04346359363113
0.500857739111233 0.322891404423992
-1.34667745247405 0.00896423044853199
0.0916657477863672 0.726293502360658
0.0583895560482205 -1.97190233733004
0.0583895560480935 -1.9719023373301
-2.06556025842046 0.481517961345106
2.11259755081033 1.49533446731746
0.767492913025869 -1.80933621856698
-1.34864487148735 1.05551733391804
1.02768279396951 -1.00916091152406
-1.676141064687 -1.41058673444032
-1.34774575931014 0.00902904432147896
-1.61190185574182 -1.46159885638337
-0.727405708203973 0.616996775720505
-0.684234757116788 -1.05939895071209
-0.0825048149019959 -1.05639023591116
-0.761430808982439 -0.931558836706496
-2.27575265650958 -0.0900563690159172
1.01783035787374 -0.968454128109554
-0.187636891366136 -1.94621257505928
-0.105753126534091 -1.0418717364917
-0.692616612220612 1.14660960582576
0.980839150345914 0.053065685871804
-0.648365529379284 0.64119285486844
0.178520728062263 -1.11556709806082
-2.21992897276267 1.23238724764539
-0.952702775794184 -0.515874180580773
-0.68165852788324 -0.965703128186253
3.38191053999013 -0.870434166711329
3.38191053999013 -0.870434166711329
3.38191053999013 -0.870434166711329
3.38191053999013 -0.870434166711329
-0.688166568721939 1.14216095649529
-2.08537125458669 -0.0852630656990638
0.323048625777803 -1.75541741198137
-1.03240783727324 -0.551486717256193
-0.109066426863538 -1.04320332255159
-0.441294824528449 1.75764931837923
0.0186954972228376 0.891427372076203
-0.677053572487471 1.12426790412423
-0.748264357633831 1.0365994408525
0.177260668345119 0.631038736919568
-1.30853611694777 -2.08535034857129
2.61263537835484 -0.348475990244786
2.61263537835484 -0.348475990244786
-0.90857743735557 0.609078464066297
2.7809485287568 -0.152909194722195
-0.760662198942903 0.97586427353815
0.388073815331159 -0.799634328320962
3.33797459474035 -0.766149676735537
-0.290956912671817 0.390133935494357
-0.0625040574720521 0.381644322448581
-1.55112138008746 0.706614291564248
-0.141789337323444 1.10993940177987
0.12037016018694 0.99940226338683
0.0249406968753193 -1.0630272943073
0.260472385243323 -1.70651350176196
0.336510750238584 0.900294498145172
-0.759888925214379 -0.138509621660348
-0.588711578691842 -0.51866421023685
-0.587847114757147 -0.497132309453535
1.20125715812092 1.12022470223521
-0.894813303215112 0.609118610524687
-0.666507001035956 -0.486273815717965
-0.137893202459827 0.54578607414423
1.05956260040687 -1.0622257233688
2.32411509738216 0.707842463012305
1.37610733987107 -1.29136858513901
-1.71275200473074 -0.670509415835585
-0.675864193649967 0.683491660335603
2.4966589940328 -0.834605842447315
-1.34772427613584 0.00902739758893557
-1.58308701202543 -1.60541628623227
-0.272683270058293 0.25510545327475
-0.59144738761303 -0.493311607417579
0.421973406076788 -0.607266398155668
0.421973406076788 -0.607266398155668
-0.0177130953971905 1.2893815934658
1.20339357933872 -1.93955985425131
-0.6248260916754 -1.83259053680116
3.23942117661584 -0.673688309915322
-0.79101503026939 1.21291783952472
0.504831109664294 0.31901971996106
-1.07260714400646 2.17830866531288
1.06768058309668 -1.02241312223836
-1.79694126445005 -0.710349109161495
-2.27683523096403 -0.338868006373884
-0.601156152833285 -0.533348575259034
-1.89134516892077 0.873421353108298
-0.491544155897835 -0.532685555648527
-0.491544155897835 -0.532685555648527
-0.491544155897835 -0.532685555648527
-0.491544155897835 -0.532685555648527
-0.491544155897835 -0.532685555648527
-0.491544155897835 -0.532685555648527
-0.553675523846874 -0.673840684724733
0.129902275709351 -1.02026267627295
-0.705002594290461 1.17120938218216
-1.34774542293903 0.00902901727498529
2.85373758758618 0.121999083339296
1.04840417828248 -1.04633252434064
2.22137055198308 0.56206764352305
-0.72473081199616 1.13526411424631
-0.200202087467518 -1.95272796660346
-0.710190426115851 -0.985892160791691
0.718686050604131 0.0163306494965937
-2.27938058932776 1.19848754436831
-0.50310053547823 -0.39822461075601
0.187374308079195 -0.239157287006188
0.387464178499679 -0.645329636225151
-0.501741142618249 1.01505915760848
-0.74274354772784 0.634329123237645
0.421965471076939 -0.607266231779461
0.421965471076939 -0.607266231779461
0.421965471076939 -0.607266231779461
0.421965471076939 -0.607266231779461
0.421965471076939 -0.607266231779461
0.421965471076939 -0.607266231779461
0.421965471076939 -0.607266231779461
0.421965471076939 -0.607266231779461
-1.83581741080134 1.81495869981998
-0.848153319821177 -1.05916350148678
-1.93701545539055 -0.708277325883934
-2.1785466315571 1.14852087108548
-1.03651247985577 -0.884859325517636
0.781047501037395 0.266741943023653
2.64355699971801 -0.213011920410791
1.05180101059704 -1.00051621465735
0.6335923289234 0.65955997472059
0.18986988439271 -1.13774697508825
-0.0372288579642347 -0.278787782861796
-1.75762409683811 1.00270655418904
-1.291255608254 -1.84478348152682
-0.806443477682977 1.69141734244445
-0.111090158780907 -1.04478447743276
2.1411793098992 0.363919813352996
0.12640764730293 -1.0068106634765
-0.555208204203774 -1.40823074255106
-0.0933709710877325 -0.988939697810144
1.85083784951566 1.14544696442504
-0.121076339532116 -0.0740498294386064
-0.400613833022079 1.49211544049851
-0.392928826320973 -0.0124499090243549
-0.781831337807609 0.580591046060223
0.182729888091732 -1.00450010140099
-1.0169049710684 -0.593998816331474
2.58874003070897 0.207544873838167
-1.04972137228925 -0.941435253425161
0.310368045045133 1.98497681680366
0.437815008361812 0.138394985687538
0.207027070119128 -0.998068658002809
2.64732739661165 0.161679309384397
-0.688328658005097 1.14076569268912
1.12269821504018 -1.19023525738651
-2.13229886121433 1.08563177136297
-1.94703491273731 0.821015765137207
-0.192325209085488 -1.9486773943249
0.480653546398403 -0.369926584764224
1.05777000192586 -0.931244193572935
1.21957418050413 -0.108352259967346
-0.739826243921076 -0.918842001685124
0.15834728901456 -0.234028592745233
-1.90763517755323 1.54525409415613
-0.0663944677175699 -1.04781932468594
-0.713073633215001 -0.957802290697962
-1.13930314823389 1.46754823542191
-0.0917691034171044 -1.06039235639644
-0.587108644434221 1.21339559712993
-0.789990090214927 0.646010331543908
2.02025202065487 1.27668971189817
-1.8178787027912 0.249810561389779
0.374961429000432 0.575515919054303
0.155189936998375 -0.339072145429995
-0.247016883372072 1.17682247308631
-1.52115647344618 -0.142236136431599
0.196688365457728 -0.507856755481429
-0.567757355205503 1.91425596826059
-1.85309986707869 1.00340290267286
0.481674096704318 -0.426541951994699
-0.691077365959031 -0.944306163805358
-1.34723973386178 -1.95615417889138
0.280434654865262 0.715804485111969
1.04297178464989 -1.10261253341487
-1.79852706359502 -0.71076090880632
-1.33381791534259 1.04776383584621
-1.66119554813396 -1.51627949532649
1.03569661756433 -1.05645661560977
-0.115579989620659 -1.04596606959172
-0.292564271919827 1.16557376059966
-0.0804647519936525 -0.60075607536629
-0.691959897575381 -0.944805702203864
3.2659742951516 -1.00774740746118
-0.68170191664085 1.13272414284562
0.345862552218495 1.38496311837285
-1.3477161346559 0.00902812613201268
0.0962100958504524 2.15809542131891
-0.0968313682827087 0.436573854451314
-1.89553202431656 -0.790440234549218
-0.59765116086256 0.652198790908037
-1.67614768106588 -1.410585300045
-1.61837900777957 -1.41387508822422
2.09206490625296 -0.972712636632442
1.03602248674683 -1.05652912978353
-0.896057105737387 0.609455602559824
-0.109148267061416 -1.04380844058695
1.84614038516716 0.0633624794902895
-1.56760979680864 -1.62706692477348
0.00621636388172125 -1.61500000887686
-1.478458022615 -0.358556093333766
-0.448076359315179 1.17802236593579
-0.826001427331719 0.81893546808803
0.752293457781467 -1.98984635061084
1.42311635458646 0.621196359171049
0.0127604672872719 1.31433013606679
-0.212414979841375 -1.95910045641282
-0.29399806674213 -0.0648817525857451
0.795185164773431 0.299369969008469
-0.714534629230018 -1.67592131679401
0.553515684787491 0.177267468972065
0.863071286290782 1.40930594852581
-1.37378334150136 0.0416353999238339
1.98898154496437 -0.999107424841758
-0.410398035283522 -0.0261351540188914
0.0205827520549699 -1.05706464569415
1.00234846618119 -0.976878830107157
-1.02839563457782 -1.01977646018805
-0.380296944691616 -2.14741246097496
-0.742999195716877 -0.920647095497613
-1.30028793864035 -1.33811867431151
-0.71413764901334 -0.958351486791719
-0.682222270360537 1.98627665508645
-2.10825922337692 0.178931566252169
-2.24722305114035 0.266527039936537
-0.197228197219975 -1.00537768935512
2.27612740383566 1.36065487314382
-0.193936480851878 -1.94951502077559
0.865260561304433 -0.707399076287458
-0.787788907689112 0.276380573482339
-0.582914399090115 0.929660158225262
-0.582914399090115 0.929660158225262
-1.347700911489 0.00902570418569656
-0.199326102677296 -1.03612382677298
1.56732681927932 1.24902661605672
-0.848685978918941 0.74444280155321
-0.806255466695369 -1.55675104680111
-0.201609740804078 1.12041683630832
2.12292157763105 -0.338031575629751
0.359372329252224 -1.82598688152103
-0.226182862459034 1.72169183353131
1.04386902188217 -0.929598261378689
-0.952627890386968 0.119197509505839
-1.99541617234973 1.19001411085939
0.202280250944404 -1.84989017748588
-0.588239633789141 -0.501080902736637
-0.854464066187231 0.82669531007012
0.41181107834309 0.461399214179183
-0.719310849638036 0.583743841770876
-0.705160793332226 1.10340696260037
-0.100869575210768 0.399672843898628
-1.65967087166077 -0.255674094604341
2.13196560186618 -0.0107018834955958
-0.752710705165325 -0.930791344291535
-1.2658891063883 0.0190842146744874
1.46432534985889 -0.283504655834134
0.995114251997599 -0.952757305765327
0.165163242994485 0.604884043921299
-1.03581082027979 0.0993947248887386
-1.347746055584 0.00902906839327778
2.64045712622169 -0.221634145557792
-1.62105704377715 0.266795859854981
-0.0759608707794056 -0.351118875651776
-0.585073475987073 -0.0553849440632736
-0.585073475987073 -0.0553849440632734
0.256607842695327 2.00452614347267
-0.723971664071996 1.11065892817338
1.3928191424286 -2.0895948226836
1.1187346052252 1.23143267089193
-0.854464242043573 0.826695341656778
-0.497521877524487 1.12290340968191
1.14397605716214 -1.15627527462381
-0.185850249677824 -1.94526164957764
-0.0181093688864386 -1.63553242585797
-0.854464281771406 0.826695348792543
-0.0848631316954109 -0.60244683158194
0.24767382718447 -0.376110127964426
-1.07915503333581 1.29139344999519
-0.842503959003715 1.50570147908961
-0.854464310952163 0.826695354033882
-0.854464316451619 0.826695355021673
-0.854464316451619 0.826695355021673
-0.854464316451619 0.826695355021673
-0.600203030647192 -0.271309810354777
-0.737533239081303 -0.917461412644118
-0.681927607502406 1.05903458136148
-0.166783947665088 -0.993367352207874
-0.768357169191908 0.630096787777224
0.362045719019196 -0.938962249630527
-1.17720574810937 0.742665061332745
0.45465327719032 -2.25293847815652
-0.90073974657022 1.79519854538389
-0.0715986363122684 1.19475413254579
-0.854464385332788 0.826695367393851
-0.607372544714358 0.650788577545936
-0.715252020592681 -1.67687242448043
1.05325075544414 -0.0672556433763594
-1.43209862649365 -0.994111709218037
1.90670379088305 0.962818911400063
-0.893185688427733 0.609484543170359
-1.22798412887731 0.738676350602358
-0.854464406225137 0.826695371146457
-0.94942387764992 -0.897998008567335
1.04913863558482 -0.922427466192649
2.20644271276334 0.664784179963039
-0.854464434926547 0.826695376301697
-0.854464434926547 0.826695376301697
-0.854464434926546 0.826695376301696
1.46921936696376 -0.254655936076925
-0.950208595790539 -1.1681119335584
2.9019917992434 -0.4438969518432
-1.10701944777638 1.75486815877889
-1.51619924399842 0.671924111421135
1.32378467885165 1.38766890517613
1.04248788322796 -1.03523130877255
-0.113429440145194 -1.04502030475997
-0.679220927218403 1.41622135802319
-0.655546648695803 -1.70995639330307
-1.22573735295443 -0.0249063109733021
-0.854464470135878 0.826695382625865
-0.854464470135878 0.826695382625865
-0.854464470135878 0.826695382625865
-0.686324354259518 0.583151044623975
2.75799643346441 0.257513258203638
-1.92789236621142 0.122288654863841
-0.811221330333779 0.633791496391646
-1.34773566674848 0.00902825495535677
-0.346511284090622 1.21187527900498
-0.122443874625407 1.36910472042968
2.3810499781444 -0.29650918459069
-1.34772506319988 0.0090274514797746
0.67738084932736 1.90201614400237
-0.0866964921028634 -1.05811786715503
-0.342089598591413 -0.493472657846762
0.214762664686992 -1.7570684044806
-1.19758479516578 -1.4730458766898
-0.862978458852747 0.525217304683511
-0.907799525136003 0.608951692984291
-0.203697370140013 1.33703871764276
0.888562487631884 -0.825573384260808
-1.99998672243374 -0.760158719564981
3.34919851070699 -0.861306852924976
-1.34770740909605 0.00902616848549923
-0.513369288224891 -1.28902230453349
-0.686290532961044 -0.871190902965582
2.14450782871535 -0.454256052326252
-1.99998547156605 -0.760158750382953
-0.908817792280166 0.609120429841998
1.01376009792561 0.203274443314792
-0.217432328188795 1.7637436983142
0.0332746939865331 1.33997827208228
-0.578805608347726 0.968135611286334
-0.681607054651612 -1.75376302789374
1.21645324157665 1.20646223583542
-0.28164665722548 1.23764303113395
-0.731978433638338 -0.939433428346213
-0.735240086251567 -0.903345513321601
-0.739977863770912 -0.918927852041628
-0.849282971654742 0.202057257860007
-0.86783778391833 -1.09204781495655
0.994001702494553 -0.955750704633061
-0.0893555578195821 -1.05925074698862
2.02917887686222 1.25768438844566
-1.1670836098537 1.05046708526193
-1.34770920210857 0.0090262974088725
-0.707523335910404 -0.889120675094897
-0.680624803396758 -1.61796497783089
2.06911543593288 0.448969227925461
-1.34825783808308 1.81928963840753
-0.212534075624112 1.40326988899692
-0.891248327272363 2.03416131197619
2.38627269848167 -0.286632479809372
-1.65131532456084 0.776404157362538
-1.34774687059407 0.00902913479479919
-0.647564571069351 -1.56127580238677
1.45520161759268 -0.195028093368205
-0.0900433125980362 -0.56293054183235
0.33580954083837 0.479525019818295
2.36361921398245 -0.422031128031073
1.53799274075998 0.780245231711571
-0.60847814493453 -1.52338131210332
2.54377219133335 0.222255299018799
-1.8237891502899 0.162563422619287
0.345225065357573 1.2978085609048
-2.41439845468731 0.382992433763182
-0.681073722869058 -0.929983437616795
-0.703577467336443 -0.951590572217184
-0.192311290756455 -0.102869208937535
-1.9244381917606 0.753317303811828
-0.908623765967045 0.609088384653175
2.45172869094123 -0.0455456097111478
-0.73269051707938 1.15609938380672
1.73274611665681 -0.144123170187642
-0.239669654191047 -0.147900391453881
0.350049915513349 0.47240873964168
1.38297288308029 1.10496409610704
-2.22265682662552 0.125011682893608
-0.0938833384426507 -0.567633626446645
-0.908052075309503 0.609008172358929
0.152307223508446 -1.03002035102473
-0.717341779625492 0.652327314730711
-0.72075682203808 -1.68467978697281
-1.34768184624703 0.00903049592446138
-0.502739552395423 0.723448548786777
2.37231872155986 -0.437176440123836
-2.14805361826806 0.301847012154267
3.27915929510607 -1.07380222592915
2.37222661736161 -0.435975317554067
-0.641958803992071 -1.73730999870056
-1.64190537632822 -1.3974937002245
-0.69432743388905 0.608956559329662
-0.290534744635155 1.76487902532408
1.83010274615012 -0.981065284587977
-0.174003338214329 0.455319984713867
-0.550462928463068 -1.34044084331658
-0.122785506684587 1.22355284322756
-0.554283783407795 -1.34600496834792
0.222376786785849 -1.13717914213917
-0.580786246133802 0.67311794650877
1.03553173534755 0.446120168394746
-0.190806249846113 1.17425663870205
-1.85882463074667 1.34552616530727
-0.264329572677671 -0.118995373292785
-0.677545733232839 0.568089525999061
-0.555272829611974 -1.34745497892107
-0.706343454515097 -0.953263942339027
2.76529630550058 -0.93095157523481
-2.19156823273771 -0.153598019647047
-0.496737411356535 -0.0909903445583743
-0.531306288855945 0.0724842831839123
0.552048184436201 1.0114374181715
0.133040372061138 0.278113074871744
2.08604566867246 -0.806575202862686
-0.538748466838373 -1.32356408968599
2.63074496274414 -0.284734789080306
-2.40205182343804 0.400704749587205
2.32594256060419 -0.456514167646169
2.38972701730041 -0.240731272601821
0.536178492393439 -0.153049137140654
-1.3477464035938 0.00902909674674926
0.177890399526189 -1.11580271868078
-0.502739615704578 0.723448562549035
-0.502739615704578 0.723448562549035
-0.375758580949631 -1.15194166577642
-0.744417235275073 2.03100232158039
-0.653848922352493 0.562411328714777
2.20447034746807 0.676396985639204
2.02918072893261 1.25768387039635
1.85327366751657 -1.50717831254731
2.93192276113065 -0.746105959142777
1.47961040059774 1.05511274757499
-1.73794793425627 0.853071292772574
0.0572145049396856 1.7213188826768
0.939630176758232 1.76456223632163
0.33833192220598 -0.773105045289838
1.02894482683041 1.55396314178197
-0.502739630175169 0.723448565694678
1.72617087353428 0.092221453820774
0.289458579550644 1.45382635738896
0.318818542564191 0.469115408170072
0.337736326639069 -0.780994360075371
-1.1777103421814 0.743050080780386
-0.744341912983902 0.6099463045378
3.0541406043715 -0.0236453782591301
-0.559550007966634 -1.35373690012078
-0.728847987169125 -0.905040204973228
2.49010002191555 -0.0259406243380802
0.994164171891513 -0.943407355479796
-2.21002244870228 -0.0524287563895894
-0.570502486029697 -1.37023650169127
-0.603594821151229 -0.0305420617425466
-0.949961008676938 -1.07438302225759
2.38180056905543 -0.38311468311622
-0.63819802999734 -0.982198348922771
0.361016617272757 -0.738090450545127
1.23253479744223 1.01858118519453
-0.238743721796353 -0.963133889289346
-0.517459526077369 -0.552530827172596
3.30817819820782 -0.815050648072053
-1.12965487329998 0.967448965522913
0.529024543057432 0.931808547913931
0.325924676873458 0.455602621992827
-0.516824793061062 1.56968101127634
2.43517946958491 -1.28195647786347
0.260379850290307 0.266455612955987
-0.709450238620203 -1.66635917800917
-0.907296723159206 0.609106342784645
-0.58196129643577 0.0231527254907521
-0.171237432157848 -0.041260237266125
0.630002675432912 -0.42622360687219
0.254750877469095 -0.269258154331239
1.49401732279593 -1.49012855033258
0.180694943518212 0.606548486196661
1.82689109815844 0.332200944617517
2.09334372458911 0.706118819088289
-1.95313868290164 1.36595765002225
-1.40713536432311 1.135183703031
2.78748893337195 -0.998965409527843
2.61687836056956 -0.276031350139904
1.02354022309253 1.20819720368636
-0.112005990665203 -0.569067163183115
-0.547769222460717 0.648558301739446
0.388094672396438 -1.84061282510948
-1.40454637988528 1.51094367266951
0.524324844404296 0.523807697663185
0.0921212603998226 1.40368596289175
-0.67801633091295 0.559097921059241
-0.544963382176596 0.651863963737906
2.18880404927192 0.692590003561656
0.233445400347849 0.252165363929822
0.233445400347849 0.252165363929822
-2.0043607524512 0.341321906517344
-1.43264796233973 1.95140203396168
2.12001024264434 1.48192644857517
-0.334607035257157 -0.896697092736548
-0.110115400942432 -0.571313359183076
3.30190127172432 -0.810301021604591
-0.12194342494549 1.1817180601478
1.7638591144441 1.00590267572883
-0.515347810906086 -0.628102302841598
-0.509516952861238 -0.554830005923237
-0.112005997697217 -0.569067165440503
0.125266102636723 1.51023323871898
0.262723125894659 0.271429638420541
0.262723125894659 0.271429638420541
0.262723125894659 0.271429638420541
3.26430815566878 -0.486699295817013
-0.5693456914796 -1.36843406176961
-0.71936708505214 -1.68243965300425
0.746972320828114 0.741441328240342
1.34085775038006 0.0828570921681813
2.13600041489086 0.425042838786972
-0.411368503507649 1.39587936857501
2.59875781906502 -0.0333420370361722
-0.945885152265644 0.393683974221992
1.68589176892442 1.02917471766411
-0.684907407178296 -1.75736341740826
0.454064933351431 0.876919629855018
-0.941839668214632 0.405637403625794
-0.550311766902989 1.11769241600225
-2.37213538865265 1.01017107085693
0.243688918573268 1.6763889791107
1.98480589668898 1.0077991101022
-0.378441034759555 0.591257006452268
0.0481136364581136 1.48967201745331
-1.83621151162449 1.29876980096417
0.050887765975256 1.48855787506056
3.28123954453054 -0.845112466666044
-0.231279276604555 1.36810482142569
-1.00135885994229 2.01717368415092
1.7082364232448 -1.53115440809555
2.91336991647812 -0.483184125586763
-0.207429439177238 0.814983505591543
-2.11630226089512 -0.854981174429778
-1.34404837073305 0.731766853126497
-1.08258479012369 0.0477174354160694
-1.81049187845548 1.50237339115564
-1.69349118425801 0.3717579829849
-1.08287011901464 0.0474375090393687
-0.584010571400131 1.97164537881827
1.53360054102819 0.873863404278346
-1.56131480199676 1.84985149771756
-1.25296314556257 1.50383304500805
0.868097698292626 1.47603951734278
2.84236515433141 -0.645123630044727
-1.06817541909868 0.742431573676105
1.27877365240891 1.8649187839912
0.126562134655177 1.67198397581254
0.735154272362833 2.49509800282146
-1.53191397582668 1.75210606757426
-1.25194671211317 2.15893404803295
0.603544259222817 2.5375683076544
2.24707236078743 0.630802885418014
1.06252173897536 0.130679650597167
3.23325312724168 -1.0311267405089
1.85182005241189 1.76202423851595
