0.17048191392297 -0.00512813745291053
0.807362122096417 1.81179958571919
0.91698059765274 1.4205587316956
1.5442998462006 1.17918031216229
0.995452652822346 1.89286128831872
0.981374247345479 1.8585751480031
1.67160636895855 1.1938862060159
0.830075295563221 -0.899130681334652
-0.557018372393762 0.264236779973887
0.611264135075388 1.94163473732018
1.64185234240931 1.05019690534731
0.955807923041383 1.92902683211697
1.24946280534808 0.830102525970039
1.08758760354334 -0.404280454935317
-2.17232398208896 -0.796868409201867
0.445739037178962 1.62087252399164
-1.18900075561972 0.173776933783556
0.437289348030607 1.61948807167655
1.78693344858459 0.685544047643415
1.31907846986465 0.741581129471335
3.15678334107803 0.32682939022205
-1.22594136327308 0.167222652591875
-0.334397309248421 0.290976347575433
-0.0529060140016903 -2.07864732903123
-0.125161961001822 1.42862301344736
1.2754903438405 0.725877356746969
-1.83276274058882 -0.5755417495746
2.60612523427816 -0.356359401439582
0.0898671475891459 -0.711041422165754
-1.55127644228144 -0.476577287789763
1.17130870815557 0.677435870748325
-1.20172833510192 -1.86047944365767
0.410558103470128 0.980441990538919
1.33651873390258 1.02155837786632
-0.228767811107201 -0.39126294198021
-0.191138179561056 -0.41524315916655
-1.13761743694431 -1.47574681882554
-0.069659553151529 0.213503979974218
-1.84045836258703 0.880439419366024
1.38975391177347 -1.16976098477825
2.00661825138661 -1.09089550221099
2.49511347456966 -0.293336091839127
-0.514566696222937 -2.08389810709232
1.72155517490515 -0.652143738319088
0.366064685831308 1.45047111071218
1.01274282983519 -0.115070700473526
-0.736580656058602 -0.274184889457951
-0.789165995868011 -1.00308318543119
-1.19049811953948 0.792655021147283
-0.150469936805225 1.2627760392599
-1.90121598404114 0.0195886189508405
-1.3068007222006 -0.6864060462758
-0.219587119727216 -0.367816412103021
-1.74580944413148 0.638958324437983
0.14811281319947 1.97444641556639
-0.12189309013387 -0.564576008301555
1.34007324349488 1.0074718172876
0.2211111602127 0.20582017970969
-1.89672247530777 -1.14704162307754
-1.07824245368584 -0.588291694680646
0.123740540023111 -0.65303770678718
1.42472873350534 0.524648667495027
2.07360455371303 0.37297409123827
-0.0103939785586637 -0.644363147464894
-1.09978562349908 -0.873380799937827
-1.34481303374893 -1.45771374335189
-1.12850812946076 -1.41099702455175
-0.455322368194135 0.473571990461782
-2.07290291890426 0.54292482651866
-1.69285058580623 -0.738266845407169
1.98761427694037 -0.926008630590637
-1.38036420864668 0.163738085961007
-0.920566637103689 -1.4848105469774
-0.390185077876561 0.0269367271915453
-0.460652887069127 0.299861103847381
-1.96567802181273 0.717088154273192
-0.741273185623026 -0.278056312360952
-0.175287799906181 -1.28392356702105
-0.686078870708809 1.52872363000787
-0.0663806524397974 2.00124966149387
1.19222473393714 0.656109751619119
0.450924695019784 2.21655684566206
0.0377251131012307 1.08764616434793
1.21588173898117 0.732748253619745
1.94451150947173 -1.18472857579694
1.98098579630792 -1.00576175454883
-1.43547460227696 1.16275610410863
0.2157248274718 0.24864661167329
-0.174214274196924 2.12293484543935
-0.150455563068294 1.23356113647547
-1.07920089180296 -0.0812087934098378
-0.784779388227994 -1.29769722775329
-0.763853956936798 -1.04268564550605
0.348958893303012 1.4247985395042
1.36100489405667 0.694535922373273
-1.64123752058966 -1.77036275892296
-1.32884713549764 0.0855396419048618
-0.667798068330591 -0.292334996014748
-0.167766529987382 1.32255592041392
-0.156919240937889 0.392508466562663
-1.37716321042276 1.38217423097686
-0.0790142652163029 -1.14625550544229
0.163218798784618 -0.533493083501287
3.20053865687193 0.373056690964862
2.16814630272282 0.222020369555438
-0.102877625680097 -0.758068562997518
0.343478035351346 -0.0134486410715517
-0.738297905731714 0.657076722630952
1.67919485136044 -0.950876494506421
0.237962305040542 0.250455372476787
-1.91748354277292 -1.74042177065196
-1.39375608450717 1.97010610510175
1.5004269694988 0.643742541575842
1.24632277666403 0.812934708420053
-0.216653527106105 -0.370290056931597
-2.0797128665744 -0.0231503687138793
1.4886915941408 0.0460197010570342
-0.0690794235741661 -0.658511818499409
2.03295706315222 0.638657958218837
-0.279052104572785 0.115621794826157
1.32909342270323 1.00130552451091
3.08327971059372 0.478032360962269
3.08327971059372 0.478032360962269
3.08327971059372 0.478032360962269
3.08327971059372 0.478032360962269
3.08327971059372 0.478032360962269
3.08327971059372 0.478032360962269
3.08327971059372 0.478032360962269
3.08327971059372 0.478032360962269
-1.38172279577315 0.162109403320479
-0.0874503850803514 -0.658468895309539
-0.576042183014103 0.192452889093872
-2.16456957505092 0.671027188434618
-1.36598415675387 0.865648632648408
1.27449829325248 0.822974342654852
0.319475937024237 1.0528655949125
0.60670028571441 0.915309784964973
2.33846099861371 -0.506797196061826
-0.674263924794986 -2.12074805054768
-0.228672262300587 -1.85907227861289
-0.277068895005414 -1.12412752730985
-0.277068895005414 -1.12412752730985
-0.277068895005414 -1.12412752730985
-0.277068895005414 -1.12412752730985
-0.277068895005414 -1.12412752730985
-1.95321617602264 -0.0830610036885984
-0.822879892939667 -1.1006646421053
0.357037964330321 -0.88102818612049
1.30496870083946 -0.753034179743652
-0.211798906649659 -0.372463257863332
1.30419371344371 0.70701308726299
-0.61302130724625 0.193100927310277
0.868865629383801 -0.506387717378693
0.40783777232985 -0.37687555522959
-0.836381903710026 -0.316725456079526
0.450993931139275 -1.65948962305553
1.25462640941661 0.743314563694312
-0.475176553061602 0.134126454266184
0.317049857182943 1.05395933682119
0.950724247925298 0.613720623746851
0.950724247925298 0.613720623746851
0.210385098062033 1.96920162789644
0.311954310995813 1.05642811574028
0.820930349097335 -0.384305877331539
0.416842226227299 -0.134068572636221
1.67947986894793 0.398278800778411
-0.212197940473061 -0.372406981391898
-1.72383679715762 -0.210563936822399
0.451727254303736 -1.56972361288376
0.372264261092692 1.01725148190844
0.329786355265431 0.234914688711025
0.395616447462944 1.13929572262408
0.393174008768808 -0.0805525199905668
-0.212420917013835 0.345836047095181
2.46260982925679 -0.414195561070788
2.57133389457768 -0.820745715687016
1.27744362479224 0.766851604644565
1.12786791647856 -0.383454489821174
-0.570596576489568 -2.12035132559475
3.08367866806345 0.478742895088851
3.08367866806345 0.478742895088851
3.08367866806345 0.478742895088851
3.08367866806345 0.478742895088851
3.08367866806345 0.478742895088851
3.08367866806345 0.478742895088851
3.08367866806345 0.478742895088851
-0.636540785373563 0.131148958483739
-0.146309764157067 0.344398890772891
-0.622169267763029 -1.30523621277853
-0.212759637997931 -0.37232613003023
-0.564391906329229 0.149189152715692
0.191497184661199 -0.775181463324907
-1.02314767744313 -0.588975801612647
3.19183813999228 0.499098160068393
-1.5058620927731 -1.03560996645348
-1.39163538890061 0.228084202420657
0.340681090051801 0.206768147580164
-0.126734212377005 1.22680512601483
0.100096461986505 -0.588699446544371
-1.36458254233016 -1.15685174147183
-0.330950922926342 0.801422534617697
-1.20179057538382 -0.684057182397709
0.393829698197095 1.10496158289076
0.35061708342126 0.38010410137059
-1.49634791251969 -0.493548970647491
0.57059097153122 1.73501014117216
-1.04492677877534 -0.72565610093784
-0.213204809358812 -0.372265397621582
1.22372882071804 0.72836163355417
-0.501911743838335 0.721990291987081
1.30111051373674 0.975629497847998
3.35036924718579 0.176265561628092
0.141723790613458 1.04987020096361
-1.17338430588742 -1.30395731528449
-0.540727795206699 0.558397404931461
1.07807107283222 -0.456659519857898
-0.414622109874672 0.136975928777166
-1.59215580910696 0.848217777144819
1.30043545880521 0.832396656474623
-0.794979287909478 -1.02017609542465
-0.069166147039598 -0.658491860841925
-0.861122311734416 1.40375453747173
1.21324336271876 0.733854164640175
-0.350417322391415 -0.935850165379396
0.809979113010602 0.631886862081955
-0.993857431026012 1.38893034100074
3.35181503507456 0.175858292681337
3.35181503507456 0.175858292681337
-0.069484298992799 0.150134016479473
-0.484267230580185 0.720068146642685
0.0234226940716109 -1.36710324668004
1.30535993887941 0.893464154413759
-0.735859543247941 1.2050742271999
-1.84050108247613 -0.00210864209313181
0.433572130574367 0.218631787716563
-1.24511051377643 0.865923795305554
0.315725437177414 1.05457027488074
0.329695654663049 0.234928737842949
1.30031867012577 0.834179764817811
-0.824771903276177 0.0831795298311512
-0.210204097197648 -0.593933638101874
-1.38281057169905 0.162142356788499
-0.747213553218995 1.29794382493063
1.70681610673558 -1.49781310262817
-0.526626783172137 0.62030599042279
-1.3315186677497 -1.22914224567575
-1.50512812688194 -0.908159713979625
-0.214358364827967 -0.372093041536086
-1.41441381586894 0.98140937346339
2.51270113765052 -0.590210632868759
-0.119401884680595 0.469311575348458
-1.35029013111127 -1.00683181729818
-0.488351166508358 0.714902666363711
1.90065362147808 0.557228660882808
-0.55063238516056 0.603639099587118
0.971356290370736 -0.794594463829097
-1.04505494616266 -1.4442471260745
0.349413866686165 -0.539962368493669
-1.02164615999584 -0.56551948461834
0.338615206759106 0.38567327104784
-1.0395069699506 0.765877958556729
1.13272100704319 -0.113628934958693
-0.795978176534081 -1.02043875049408
-1.38219682527964 0.896814670647578
-0.1804662478256 -0.427062897360145
-0.228739834339159 0.39652984955181
-1.00572801020004 -0.56682975836457
-0.779142272403575 -1.18829490682236
0.318840203331019 1.05314602855853
-0.202610870531529 1.18357168858522
1.42423955058418 -1.17542882814325
0.32564901613272 -0.145359760943573
-0.25330837431572 -1.26733352845293
1.87152098385395 -0.190944230789269
1.1177696780799 -0.732035531741245
-1.38022576178913 0.161999210669666
-2.3087844886504 0.360983466127064
-0.518248638709826 0.623935141103736
-0.163212715886314 -0.559314975377273
-1.04729285197716 -1.44443520639175
-0.501542489115793 0.181608823031035
1.53861783176347 -1.61581126062744
-0.472738485454874 0.486734244992522
-0.466971446763046 0.491005171642034
-0.186231077452881 0.573751645917164
-0.571537556538645 0.328596176814148
1.32590148790285 0.99629957297184
-1.61560456489709 -1.19755554197013
2.5234900084257 -1.42098044214313
-0.150157906663742 0.345800195060306
0.538021627770288 -1.05095328584792
-0.131322697667169 0.468664508994408
2.82114461692453 -0.644917342916294
-1.76746400388988 -0.20852398610538
0.389892891465286 1.11454836507171
-2.42579331351437 0.0625410271491203
-1.38197420212763 0.16186549146122
-1.32584273404115 -1.23105763863806
-0.621824037766082 -1.94070218189092
-0.665167267130969 0.184078479376356
-0.704962453533572 -0.312288206276374
-1.85377062756607 -0.507338321514195
-1.9064210273219 0.958329079005661
3.33431713521087 0.0517215337824319
-0.169858882457236 -0.313489305809273
-0.680612871872794 1.26093771814588
-0.517807368219632 0.614600420370363
-0.761814927991039 -1.84040461098307
-0.139104039318223 -0.450664169506773
0.254187451147018 1.49823435963295
-0.239169899011703 1.21503619390516
-0.554533371812408 0.132805775736313
-1.12136629532536 0.386531848853101
0.121725094583695 -2.27411193197209
-2.0946543592643 -0.504950673674164
-0.738803503000937 1.25900860397794
0.0827979869184685 -0.487646040252353
-1.38179681809706 0.161745703261517
-0.899425368064155 -0.912477338139218
2.29379367796341 -0.28017646879165
-1.02842287075887 -0.565314093283006
-1.86982793437059 0.945156515536365
0.313781844501406 0.0317217333554771
-0.855855276871469 -0.420717835864339
1.21440478669698 -0.921158670440276
-0.467435478717583 0.573906889705453
1.37349662390398 -0.708250893272236
2.34385924912259 -1.08332022956208
-0.184016162131233 -0.401573269109231
0.451286825759023 0.456640124198493
-0.389667568103066 0.553180552620645
-1.38178321962338 0.162057829756196
0.319406800776814 -2.07145097179667
-0.70751935663428 -0.221751046085901
-0.465605819949745 0.486591736573681
-0.0816097980740695 -0.394254968902762
0.201131316607328 -1.8075911587542
2.33271790929809 -0.0368247010416698
-0.623273799364601 1.32997945906851
1.35062022814018 -0.401972335930691
-0.15516822747465 1.29382192999761
-0.791583096585987 0.402289718688912
-1.37896476802311 0.160683008152612
-1.51968013552608 -1.14525484644686
0.388532623984925 1.13594786449678
-0.772961548812648 1.19941191986772
1.65794015864418 0.500839827931541
-0.39382449284726 0.450398077437772
-0.52701003268491 0.658315046056139
-1.91391791158876 0.00296081147190542
-1.04876390850103 -0.165660037219538
-0.899655176580373 -0.335035823621617
-0.578710352828093 0.148847571149998
0.0405569254236127 1.61746706705587
-0.533052164274328 0.472878225660386
-0.82992356744799 -0.560941882870705
-0.664596421283138 -0.393591324488536
-2.0374642699001 -1.51572299688596
-0.462317072673272 0.123811522774294
1.84350677860222 0.316921464741338
1.63206150093614 0.75233636479308
1.57221953073648 -1.34980797886082
-0.410469710667347 1.92857356249414
-0.111505523589213 -1.68179569274749
-1.79091815394555 -0.626800466720482
-0.0783185477754912 -0.419399886229038
-1.21962238091501 -0.684502798029196
1.84396102274097 0.586727520408492
2.14107105207569 -0.377103590903055
-1.95495269321535 0.00929040898021954
-1.0207551348064 -1.52399269740734
-1.00982800309955 -0.565260161531551
0.392061345980421 1.1403866886896
-1.29695647343424 -0.658673413777295
-1.03033969450101 0.674180693497339
0.446221483709924 0.0237816835762275
-0.0218456636250396 -1.32915099988203
-0.688250424319772 1.96196703242627
0.119729041014209 1.57287940231682
-0.826054426354109 -0.314854495375809
1.26013988689334 -1.31657450639375
-0.152404560795348 1.30116752031921
0.683942731404361 -0.410716208262991
-2.07279451431381 -0.350569538288505
-1.37392733775867 -1.01493321680535
1.28225468251811 -1.25910532737695
1.70158250584846 -1.562423221216
0.372857817392362 1.09242958929207
0.324852511194264 -1.17365450191763
1.71743459294066 0.483415225948327
1.31843887214462 0.844038402803599
0.27134942717597 -0.711681737064021
-0.849668911793171 -1.10766589786083
-0.780910084961852 0.049019580842509
-0.645702145046943 -1.86186386849338
-0.181691908206028 -0.705162399354104
1.51868111581617 0.311254656078775
-0.548220164104693 -0.622805931678702
-0.548220164104694 -0.622805931678702
-0.548220164104694 -0.622805931678702
-1.03589467991782 -0.565889829521682
0.279338088775429 0.313353324990932
-1.38960210544546 -1.09049237075985
0.408715706463771 -0.15667220738137
-1.03057688813335 -0.565445215201151
0.492289267409006 0.492844321783791
-0.468634169929737 0.103752719692788
-0.160334195013307 1.3033000564381
-0.241485900167588 1.21735939250499
0.394338875641289 1.103891016649
-1.38226553729107 0.161919241798721
-0.237716344726156 1.21352677478793
2.33332075539422 0.00661557964877085
-1.23019402185843 -1.64675548349617
-2.17116755048292 0.663539107952623
-0.1624613520636 1.24464092068568
0.312463532278597 -0.569272930834147
-1.38018853381659 0.161926616084112
-0.0566775134126901 -0.695646675882461
0.388758925878637 1.13510284235737
0.388758925878637 1.13510284235737
-1.79406472295373 0.516856545486139
1.36880574928612 -1.65265104794741
0.729352520964814 0.921216470114721
-1.37450408608489 -1.01533435195942
1.25826733222072 0.781393388888036
-1.63998685734604 1.37236259100878
-1.38287301919251 0.162147711264618
0.329713089841901 0.234926118540159
-0.7007648781649 -0.700848532805008
-0.625148432857229 1.33239614751154
-0.157349599719121 1.29769779809918
-0.740829565944317 1.18689235039904
-2.21699886592666 0.0461346105991312
1.24782948767109 0.744199143537288
0.311989892901179 1.05634753258867
-0.161056949335879 1.2412282028979
-1.11426192704302 -1.41968009495021
0.733888690390452 -0.311123488473425
-0.684548666816895 -0.516822746441872
0.257229608294792 1.49349639524382
-2.27026287016373 -0.964434186743031
-1.13437013020183 0.841737840148086
-0.663513396793796 1.22713063827945
3.31663133119271 0.155562135472835
3.31663133119271 0.155562135472835
3.31663133119271 0.155562135472835
3.31663133119271 0.155562135472834
-1.05418179212905 -1.43220141457128
-2.07097328732038 0.162592208962363
0.441859476858268 1.09183132784472
-1.17193032389866 0.866257558775684
-0.165372966245017 1.24626753328279
-0.898418005136619 -0.323116052313667
-0.104553868057836 -0.878646620218676
-0.780009298285108 -1.08871119952867
-0.80276416043505 -1.02236285937069
0.00897354552427124 -0.637826438068629
-1.61988359764644 1.82841908303912
2.60874224297844 -0.193077333465067
2.60874224297844 -0.193077333465067
-1.03622057233537 -0.565923414169778
2.71001990804767 -0.417538907294911
-0.88964504215972 -0.916413442207754
0.556557893402227 0.711566734516661
3.22234293595447 0.0312175912416228
-0.33644880845382 -0.30221165476751
-0.138032487508753 -0.398092939192043
-1.56774941722215 -0.530365175109166
-0.302869246734288 -1.12682814293091
-0.00998212783116119 -0.947432431581476
-0.0384410846930913 1.27503014988915
0.381064366908983 1.02632149561202
0.151435175280536 -0.821703485800026
-0.797532337962822 0.286858413103319
-0.51135970719862 0.637474783207354
-0.504082420938465 0.627994531219347
0.917366217964434 -1.42062999159434
-1.00546245588201 -0.565541026312988
-0.767121498859885 0.676879005959652
-0.227895394754308 -0.491315787764318
1.32359239759435 0.990696276620734
1.94617940344769 -1.12996416244825
1.7029098074058 0.707222224787523
-1.8097318964681 0.910585651337936
-0.771295217253271 -0.575391914137069
2.55288473045159 0.25819919921282
-1.38281175414138 0.162142530730581
0.388157603473696 0.198185619862662
-0.247153194945315 -0.234088615207026
-0.512970786860204 0.619341500451336
0.492243380827631 0.492861044903541
0.492243380827631 0.492861044903542
-0.0791183959431591 -1.3023522859242
1.71140177497768 -0.0430068162628728
-0.085093936044809 2.00970393672393
3.11553080590634 -0.0595893066776951
-0.784101480837108 -1.18202240387153
0.346967000001991 -0.310061831613693
-1.38115923950492 -1.95008575915206
1.36008118199201 0.809319959416588
-1.86973844814636 0.9451407428603
-2.19652769883497 0.443441807009004
-0.512710240513212 0.669303320613865
-1.79169852967131 -0.679778447604002
-0.403689131163049 0.641288504058383
-0.403689131163049 0.641288504058383
-0.403689131163049 0.641288504058383
-0.403689131163049 0.641288504058383
-0.403689131163049 0.641288504058383
-0.403689131163049 0.641288504058383
-0.428902977586271 0.826087615444588
0.301852019033403 1.81345846942755
-0.763540623875552 -1.15176008134617
-1.38287204417315 0.162147627006831
2.6864863171087 -0.653716056394369
1.30979566216198 0.907308985286191
1.78123098222256 -1.02441681144913
-0.825472371737269 -1.15292182090381
0.310425176716265 1.05711452740829
-0.683016278952641 1.28007626708374
0.634437755799221 -0.201026143279733
-2.3252862235708 -0.945538616517441
-0.451758687295603 0.498046102689774
0.0564001741872165 0.289925098376408
0.468832597243512 0.544385680041863
-0.5399799567972 -1.00671182975506
-0.829923567599054 -0.560941882861947
0.492228315524927 0.492866537822226
0.492228315524927 0.492866537822226
0.492228315524927 0.492866537822226
0.492228315524927 0.492866537822226
0.492228315524927 0.492866537822226
0.492228315524927 0.492866537822226
0.492228315524927 0.492866537822226
0.492228315524927 0.492866537822226
-2.01512796412048 -1.54973029548403
-0.876099764536355 1.42702542871954
-1.94285839584478 0.918625053489398
-2.23023419381725 -0.790371136207439
-0.913598986846105 0.996170708086531
0.62710483075636 -0.440818399530061
2.59404996408928 -0.321148586697134
1.26636450457048 0.651653644497102
0.458400942798712 -0.784782956592554
0.192581090884189 1.69441275350995
-0.179802004753487 0.364268171385546
-1.71197748747726 -0.770955755743682
-1.34807763409614 1.79772323040556
-0.844237851602582 -1.65682152148666
-0.151335699163202 1.24395731689235
1.85792869353022 -0.696205402728536
0.0224086887269547 1.18153448131969
-0.436489972737275 1.9317325722617
-0.0278819184137603 1.78156301302666
1.42292333217591 -1.45045918477277
-0.230084859358063 0.139378410905315
-0.481128853117781 -1.54815211447511
-0.31988643215621 0.0449841156823097
-0.781654128922377 -0.651161689880114
0.413311093046417 1.69414044250347
-0.785916235950194 0.585833245944058
2.47675358537615 -0.643930879855068
-0.934599821909666 1.05478434177921
-1.75116754177459 1.33225874318697
0.269317382664346 -0.358292177788693
0.446074803282264 1.73460955499169
2.50327319972202 -0.575892144592174
-1.08534231084026 -1.42446047994726
1.46940035154978 0.83764298729275
-2.14809602029426 -0.838309450408627
-2.01389592840898 -0.573958276697453
0.311435538000044 1.05661777629418
-1.20594464776045 1.99905720319535
1.22387761007039 0.629816426297761
1.13719347961397 -0.206508448746046
-0.737760360534276 1.18382289506927
-0.0291073812002261 0.300709116535902
-2.09566405504901 -1.21471116060471
-0.126752303159612 1.27478611989855
-0.699116022023166 1.21767361085065
-1.18300309340787 -1.41419166947999
-0.168905764719607 1.32075226742858
-0.695222652854064 -1.36647980576012
-0.916307228737901 -0.604231169994807
1.56954435899363 -1.73784587981952
-1.90050583226139 -0.155764792514622
0.209220689772232 -0.583836844732474
0.230384358721253 0.195786606736949
-0.385827758898297 -1.10810118626666
-1.38940878688858 0.162485073745347
0.176993626518208 0.5434050433839
-0.555873769294065 -1.82380695833672
-1.7692898977573 -0.775506371931838
0.444757308764731 0.441310864826004
-0.695023911089976 1.2132897779379
1.44152303519518 -0.155540185469604
0.0904493165084931 -0.727020151240306
1.33292192778767 1.00036993190148
-1.869816600642 0.945154487739949
-1.38607905012151 -0.985180881100923
0.286431953325407 0.207678077468181
1.29965780694618 0.834105258666481
-0.173829963744412 1.25680485659856
-0.473965947943467 -1.1466911210756
-0.283888493696958 1.03162361701956
-0.695654620898148 1.21387738163041
3.19574591055981 0.358534735744747
-1.02609151826568 -1.42404740444967
0.0466275937908861 -1.51058427233801
-1.38275893524893 0.162129211754197
0.478771345103766 2.27828617250923
-0.215153306674753 -0.299633573063733
-1.93405812236239 0.841273365248228
-0.640623237341585 -0.58219231489377
-1.63999560219463 1.37236622639947
-1.54606129808917 1.49995690657549
2.45879205481867 0.195972848699894
1.30112554409672 0.834303847741018
-0.999663715834504 -0.568788251843943
-0.150897516015295 1.24105085232447
1.75487186723352 -0.403207654461053
-1.62996620034582 1.49007210319146
0.31325430648288 1.05573733970158
-1.24404786847175 0.371017718793233
-0.487244588810801 -1.2272488408645
-0.994869128436655 -0.758857250534252
0.651025234280581 0.653581995192786
0.883518582427547 -0.519477698683435
-0.0813499265887078 -1.28823024230408
0.309274240545316 1.0580122516895
-0.469099321370221 0.179243640769279
0.616836689123054 -0.430121288113866
-0.568295047023124 1.94637955495318
0.4216985106739 -0.315426571398918
0.420067758004542 -1.52577044722464
-1.92070679635692 0.00414762023465424
2.07065290202348 0.63099526609565
-0.464349725223906 0.119531825277209
0.292271787126912 1.81855096714561
1.23097012034278 0.809573924305825
-0.956944060350168 1.15470641837115
0.315689459203995 0.987884183551576
-0.739061723275632 1.18500047965022
-1.3603952547635 1.59234136504206
-0.70096373392426 1.21930836471714
-0.844752464451481 -1.89455400547427
-1.87899189973516 -0.150911406856347
-2.17216516125277 -0.144620027887045
-0.287323414857466 1.2048241756495
1.83644520982077 -1.12258169727722
0.311237171071098 1.05671487489475
1.18788787451313 0.650269285471973
-0.830238928566779 -0.146749519247602
-0.608369346508815 -0.947448742212498
-0.608369346508814 -0.947448742212498
-1.38274526019959 0.162136987561057
-0.250322059434723 1.22671614672917
1.21562542020403 -1.59444289936421
-0.907060058959506 -0.830747862607973
-0.799957909162059 1.82012331482692
-0.32216696521719 -1.11111009307989
2.05324877405779 -0.0892577546445896
0.384343085047042 1.0168093448229
-0.371693310784349 -1.76058376884807
1.27717347116973 0.716433788827345
-0.990256425188708 0.000863099494754331
-2.11036056927923 -0.914903835608517
0.389714131940004 1.11577825583373
-0.508607313473579 0.634259458984116
-1.02602275228796 -0.774834822751429
0.251054538038797 -0.552982141079158
-0.825262908261894 -0.557467222887325
-0.754794780368911 -1.08344608068811
-0.18179228923454 -0.401336320464952
-1.62076875907174 0.452289521880838
-0.27856049429242 0.964282478551661
-0.753185004036205 1.20379994084611
-1.34210461287187 0.153336144737635
1.41003738530631 0.0789859291320547
1.21280361588791 0.734172057766876
0.00139891973967602 -0.605516187891908
-1.02254091518119 0.115635756068744
-1.38287390169787 0.162147787719811
2.59223484343458 -0.318266714356653
-1.66215234878116 -0.106883572916072
-0.330207054880082 0.492742006638242
-0.709397575615409 0.243758160656912
-0.709397575615409 0.243758160656912
0.684591914897646 2.12086985715148
-0.773102921934716 -1.08475517441854
2.21381391919914 0.077397184820968
0.761427666836877 -1.47613032687625
-1.02602861261177 -0.774834693757591
-0.521963606000613 -1.13270234410108
1.37594179221435 0.898935584858932
0.312192752692752 1.0562490401731
0.311232673599106 1.05671707891407
-1.02603003077567 -0.774834662541853
-0.28391219918155 1.03164264245767
0.116459393079881 0.459739477024625
-0.84175221714934 -1.11467891012981
-0.85692586199735 -1.49747624612529
-1.02603109919495 -0.774834639024479
-1.02603130326029 -0.774834634532721
-1.02603130326029 -0.774834634532721
-1.02603130326029 -0.774834634532721
0.129676485469566 0.154012328457299
-0.735847775978569 1.18210164419078
-0.785428620737271 -1.04481757149295
-0.225641253689014 1.23384630439496
-0.778034869765667 -0.516572414919965
0.437113720924882 0.974552478422934
-1.30724142432946 -0.664817284046006
0.826650309736323 1.80471351976099
-0.811002542515511 -1.73279537627227
-0.139557509792717 -1.18964749496642
-1.02603393959322 -0.774834576503429
-0.652943366407573 -0.579151660271753
-0.55894158389948 1.94514762947245
0.92735434561363 -0.249229449167787
-0.964092403006845 0.74538678216362
1.47488863479681 -1.44885092437094
-0.992292201664134 -0.569973212341979
-1.34078463814152 -0.607312594066257
-1.02603477165908 -0.774834558188525
-0.775900558056594 1.15136693765957
1.26835592221671 0.701920594891725
1.75914697283649 -1.10115090929581
-1.02603594271288 -0.774834532412037
-1.02603594271288 -0.774834532412038
-1.02603594271288 -0.774834532412037
1.4073271995185 0.0529744991485051
-0.881121275751577 1.36593355795137
2.85049239609322 -0.173785654659034
-1.04845281510603 -1.72092976210793
-1.12404893095974 -0.295802558758448
0.966568096489654 -1.55689050487633
1.30713226396261 0.889827091463642
-0.171270686340792 1.25343757240455
-0.867646684996733 -1.56985326191405
-0.255199506879854 1.99133894159193
-1.24014931919835 0.135832894993539
-1.02603742828965 -0.774834499712476
-1.02603742828965 -0.774834499712476
-1.02603742828965 -0.774834499712476
-0.790433898038121 -0.506479149360189
2.54402519844631 -0.778491415497754
-1.95493426289671 0.00928904348217512
-0.824715694935044 -0.691969543026587
-1.38284424713964 0.16214526095163
-0.407182283146423 -1.2626152911995
-0.246886128323918 -1.36916604770651
2.27435795087428 -0.496902543927627
-1.38281917413176 0.162143089295754
0.359557968862702 -2.01858196568751
-0.163511280844704 1.30910824303995
-0.239842139395772 0.621192480212125
0.373735927636656 1.09106303801911
0.105571033797514 0.52710134300868
-0.978522348743417 -0.448521316978879
-1.03374918665543 -0.565685520406873
-0.217084572265245 -1.35946869456744
1.09121691701504 0.605097936466143
-2.04134853773503 0.75641547797537
3.29943640447802 0.178912046627591
-1.38276370902018 0.162138521748697
-0.175599959533192 1.01268474664744
-0.657374742565607 1.08589100172162
2.10447857344533 0.0559512696365999
-2.04134629868817 0.756416779332174
-1.03707318256645 -0.566016062432223
0.785877509703664 -0.326944019554516
-0.223130555981179 -1.81898017325354
-0.102341209508135 -1.33515673532337
-0.630311695169691 -1.01130512965673
-0.331868260301504 2.00909405418141
0.893433953382466 -1.26256570643818
-0.414224588047944 -1.25661961639263
-0.707314399208527 1.194735955659
-0.692971276856995 1.23728890723228
-0.73782567429799 1.18388183625209
-0.926880084930723 -0.061241946706056
-0.674283339862828 1.15648209323163
1.17811176785574 0.665682709994365
-0.166452049724311 1.31499451824943
1.57744691156057 -1.72766597959185
-1.26950874689912 -0.979528429231399
-1.38276880642169 0.16213894606273
-0.688359803277524 1.2284951915195
-0.542857234122003 1.93952502408009
1.79857147018025 -0.674100004323913
-1.49934353972477 -1.6149015702859
-0.329593711258443 -1.40319862044645
-0.87987997747576 -1.9427726461062
2.31569196117624 -0.169917142971089
-1.05338173679612 -0.268048512599849
-1.38287640584632 0.162148006771282
-0.506164827196321 1.93547954425619
1.17808281426807 -0.0677578347413712
-0.26681603210202 0.949025607748359
0.199789030593398 -0.586549252232973
2.33185497475808 -0.0259813964486956
1.30867643556236 -1.13872002631167
-0.140481754846968 1.02386701035856
2.34672268400949 -0.791550636531011
-1.89174267449472 0.00950938412856677
0.199914172136748 -1.32497784606821
-2.35794588489749 -0.304609737390991
-0.670505309709024 1.27134582028233
-0.702317152036437 1.22020738312295
-0.412801968083911 0.193432041560687
-1.97414791371662 -0.537722684671622
-1.03634954366183 -0.565954277083781
2.35498749489326 -0.327781437945808
-0.86923436813546 -1.11765356755894
1.6483023055433 -0.189341930162232
-0.423932244875907 0.303286299988166
0.20572309437144 -0.59450017420113
0.817879135842762 -1.45045347699805
-1.57582186524675 0.49621293121638
-0.273597371612977 0.951302495886843
-1.03460651863784 -0.565765076443716
0.359790400632952 1.65378450163972
-0.82245696105591 -0.56006270480896
-0.59685404254584 1.94732825946053
-1.38213786719436 0.161958371174995
-0.582739490510034 -0.658393731893274
2.37093469278995 0.0155699871184558
-2.08796595744775 -0.182895105487188
3.23141496325604 0.445089668589683
2.37040310393345 0.0151656030059698
-0.198136546998263 1.99281822418388
-1.55961742983422 1.48606468482328
-0.744340369347474 -0.500414748569302
-0.40934748074628 -1.77856892261108
1.86330651961873 1.00934491628079
-0.27788003916009 -0.40681441143221
-0.189109292687772 1.01854582672127
-0.215729430598163 -1.15361210726066
-0.190679060351738 1.01916935201923
0.257299464098194 0.978698477663443
-0.631591377314191 -0.617998897432842
0.775471363812018 -0.631041824253752
-0.303328996719668 -1.14140561470627
-1.94007009760021 -0.897624357749213
-0.511268977240884 0.297732990486655
-0.697576711590251 -0.484223386735948
-0.191114782519734 1.01934715742423
-0.703363219898748 1.2212279646122
2.84646691220439 0.451774098175604
-1.98957771135456 0.417681403277867
-0.695461452613872 0.297404028561941
-0.443166833919539 -0.00697964698429188
0.274896396740826 -0.970725170050372
0.0557869532318271 -0.358699316505148
2.30746805683557 0.108583915910407
-0.187118037609293 1.01746893156723
2.58345590944968 -0.211195944994292
-2.35276112362195 -0.307744183734689
2.33311844503188 0.023839403310206
2.30468014395752 -0.214150166674947
0.387852449020997 0.138256969526438
-1.38287497500529 0.162147880688343
0.255255970726604 1.49643516497995
-0.582740053542468 -0.658393720572016
-0.582740053542468 -0.658393720572015
-0.0253450728319544 1.01951844632685
-0.785083512494375 -1.97003862341093
-0.637167384532255 -0.463959361040284
1.79271718879308 -1.12192816612526
1.57744444984723 -1.72766821659694
2.4267598261645 0.938281964112738
2.85373353360337 0.120826184167764
0.920760874506552 -1.41338327517695
-1.67592846947368 -0.62538901608021
-0.122045737728998 -1.7786397325273
-1.87719479366883 -1.38771263129057
0.505575039368059 0.696700217833994
0.623715094823312 0.0955655067156468
-0.582740200386886 -0.65839371755705
0.605388338588561 -1.15305016050045
0.0895285126663107 -1.51139333442927
0.203397417271802 -0.587043069397401
0.507916891832492 0.700707721867731
-1.30511544913977 -0.663873127809928
-0.774120339632331 -0.582745799189973
2.70877198696478 -1.05949157257293
-0.580352915188048 1.89807566197193
-0.709809638374171 1.22088193187795
2.28419278788756 -0.693308122914555
1.21517555772928 0.731734738781001
-2.14837074874633 0.114664670665203
-0.587364806740286 1.90042372681843
-0.702430797496237 0.20157979335761
-0.820117274840235 1.17559541714139
2.37102452906845 -0.0347627482278667
-0.665702021956259 1.325579715051
0.571536462855968 0.634202909030708
0.748888063035415 -1.27646395716594
-0.343861266662356 1.19085667416657
-0.428598889403019 0.674816502588183
3.21773164363687 0.0455379616976512
-1.33837379220396 -0.917258711606449
0.346581186943523 -1.06563663344881
0.203685231079213 -0.580935257534343
-0.57515820588956 -1.59862055967996
2.63069510385447 0.793607878677923
0.108085510642191 -0.428712983976994
-0.578323931873048 1.94429538614842
-1.03266766672227 -0.565666969975124
-0.812906260201886 0.204448512061146
-0.237636487531617 0.0869784645029522
0.937951524727698 0.33923042288628
0.114665662608768 0.335332949381579
1.7739573294133 1.10781585617257
0.028549527999904 -0.581958714965882
1.41738343051899 -0.607587716729336
1.67208131571014 -1.16310740794771
-2.07113996274895 -1.06175624753874
-1.51598473408868 -1.02395819320445
2.8621880064182 0.43422654784249
2.56669074567165 -0.230024449802689
0.664911849121397 -1.40509843383603
-0.274416416273265 0.955880601010267
-0.581442230065826 -0.585473992254375
0.410646922407046 0.986165183151649
-1.63984599869518 -1.34189946271391
0.382243245610496 -0.661234498674747
0.00839190431421781 -1.46379679080743
-0.692562303157714 -0.471402620745067
-0.577042875420905 -0.590765813350148
1.78709860142051 -1.13385774245966
0.119489533611781 -0.236945032354165
0.119489533611781 -0.236945032354165
-1.21932985535027 0.18984533647168
-1.66347290759545 -1.73352993034525
1.40392710474845 -1.58224417019634
-0.203380321617056 1.03529584783837
-0.273065779932626 0.960839525883706
3.20334912868785 0.0439604775858584
-0.281844617212242 -1.16883051734353
1.30128184856883 -1.43948220808051
-0.422467031004227 0.729561258001207
-0.423852567267393 0.700182943929376
-0.274416482058062 0.955880655657109
-0.101629222444039 -1.55723625752568
0.145659769742651 -0.261731650061314
0.145659769742651 -0.261731650061314
0.145659769742651 -0.261731650061314
2.8550051876562 -0.945610568255608
-0.587730556113369 1.9004658777429
-0.594729956427296 1.94694426011812
0.567569055395599 -0.896104001296294
1.05920394692885 -0.238727909836938
1.50596299933722 -0.781170323383992
-0.557108136413444 -1.43922078916577
2.48691243133004 -0.466610584588833
-1.04092955915186 -0.284711175614729
0.594557702604712 -1.65609725760865
-0.334310560079283 2.00812881795739
0.342315546566004 -0.175947532902136
-1.0284856139768 -0.298692163773073
-0.618983520705635 -1.16171078488053
-2.40977944791102 -0.769530667790036
-0.098166656651928 -1.76468337988096
1.51756411808855 -1.56960503466001
-0.522501582064924 -0.458938931460054
-0.146496408616838 -1.52376790144667
-1.8584458990416 -1.08233615105236
-0.143244034492858 -1.52207096778929
3.19674809003345 0.0854147672809677
-0.344707336087269 -1.38328236915178
-1.08671657350618 -1.9353508925234
1.66635920261354 1.63518224384583
2.99312528638594 -0.154531873254634
-0.337247592421026 -0.593847638363821
-1.81870815746902 1.00250310820062
-1.48012658613492 -0.584769743750827
-1.05606655118778 0.0889102981826627
-1.83519601792238 -1.31964250707031
-1.30804182940663 0.0295581877785656
-1.05564267137093 0.0888478471792822
-0.588563824360525 -1.92915332794776
1.08668956243046 -1.14705491406195
-1.74187457616381 -1.60827881063281
-1.5910070395068 -1.38322799435477
0.554245039589303 -1.68743029416319
2.94844531851519 0.249393388546037
-1.45729845421232 -0.736435748102394
1.10972270835727 -0.0183422974729656
-0.00357162968027388 -1.68780760428548
0.753698147833545 2.54965761134859
-1.7207657942577 -1.51391460125603
-1.44952816354445 -2.02708294285829
0.725287277028628 2.5441111342469
1.85032145844711 -0.988831490517085
0.874492456635473 -0.372580511492264
3.16090296579079 0.388943410093354
1.42332014230174 2.0341700572761
