-1.0400959184918 -0.915425638490331
-0.283060661520801 0.590015007794524
-0.851833533624738 -0.47908914925776
-1.12860309589849 -1.67982418670357
1.81622897862522 1.51738733899945
1.08912331198521 1.82529326869128
1.65650858020089 1.953057392088
1.80855323386933 1.55512653811746
0.830494088692417 0.430308211157059
2.08209372004241 1.0295284389975
1.79006480882083 1.7062998337407
0.958084289329516 1.71385381061598
0.943152277043803 1.66380534275576
-0.910595169285295 -1.07123642657365
1.73048494787563 1.37041658118549
-1.6908853802038 1.29118384139452
0.245333444805827 -1.01332979092525
0.726743859223594 0.338185223416523
0.728693414897657 -0.423572007244681
-0.145315920198672 -2.44468594265279
-1.38096085088854 0.364446898670601
0.319273613902025 2.11924367673288
1.78724251007118 1.47831312994132
0.665046303498016 1.66615777825999
-1.39450008776633 -3.28429337632664
0.229879127045498 -0.434653743184307
-0.231541454896589 0.557242197625336
-0.921705019735012 -2.44657801989468
0.265884500886782 2.19737530853972
-1.26141592406597 -1.18744619154304
-0.475276205530385 1.30347245469264
0.307907873941954 -0.476455475854713
1.63110323755816 1.44552685801851
-0.955664614948697 0.0221975831547269
0.451097775013633 1.73744707219882
-1.66938637732169 -0.244904223725028
-0.167896041174775 1.52235564047647
1.97042328110598 -0.371329540335218
0.338122392930693 1.67503995057761
0.970580757190928 -1.29528999155114
-0.166327216009917 2.14270394883912
1.45810527973787 1.42281939378241
-0.0997210587487886 1.32838957696427
-0.756655307358842 1.01092418838521
-0.39432203858432 1.24118918102142
-0.0801332399331928 1.71976963890231
-1.98064228058252 0.144122524996997
0.981674781133776 -0.585571722624021
0.172609279476216 -0.0628250838314684
-0.9023061481332 2.03178236682351
-0.330895375855013 -0.441308126582467
-1.02556808944721 -0.905316954669739
-0.196609955801039 0.551796773757812
0.625609671572367 0.682126355478252
0.394746445320356 1.7164874458598
-1.34912415045907 -3.38790980508117
0.33623896951062 1.446762560538
0.550116978906021 1.49430925083705
-1.03949418784495 -1.13807451902511
0.798842042885251 2.00023400186044
-0.277211946361934 -0.199809944140224
1.64872178012755 0.997850054258542
0.192959451243405 0.0098516323859109
0.122068118865706 1.0164952204917
-0.798914465276393 -1.04495784786854
-1.59765698295586 0.369862403892221
1.69778466992199 0.551490218865907
-0.78567663497404 1.04470761281517
-1.17844806306195 -1.77970138957142
-1.64790328173468 1.50190893352925
1.06479883118324 1.24784922981261
-0.0532580249407886 0.828514498086168
-0.683056379604359 0.69900128463897
0.966968925262091 -2.38554994812881
0.324418551438011 0.754746901464538
0.660995370939923 -2.69046959415317
-1.36780379778063 1.64395947639174
-1.0381336208734 -0.911748165422034
0.849095410338469 -2.61979124207629
-0.921247828008756 0.0819563084921458
-0.0706766140739619 1.25103452968547
-0.296204577024853 0.585537891750575
-0.879583472045879 0.138800019062692
-0.285313346385764 -0.788988848545257
0.283901602503771 1.81633066808335
1.4016835372363 -0.876836966008556
0.797458359354918 1.34690589324108
0.0829208607419184 1.79632991491763
0.690676390097922 0.550289815153316
0.0114955703099611 -2.29309401403406
0.12110470153951 1.01653897520679
-1.27272424441739 -3.45625973836519
1.00342045199567 -0.922059983852304
-0.244629953209012 -2.57064807243935
0.177196891767341 0.988708244754322
-0.34509151799189 2.15011543913325
0.0544803238560047 0.26630759506536
0.00124168179569537 2.16908013611234
-0.110775380409316 -2.62970712826571
0.0277023172921996 0.19965955087173
-0.913471253097203 -0.912847651916368
-1.059355756633 -1.16915186421501
0.621321602956148 -1.01368220068041
-2.1534116578712 0.190307966886788
0.72506435414956 -0.205895325956123
0.341855348602635 0.232820696681492
-0.822103348215058 0.222732970812664
0.471326373309664 0.700206332854361
1.57862322777952 -0.70334204424178
-0.194408756750476 -2.65291627830327
-0.155748204800524 -0.748753246121692
1.03657551528231 2.43428371268025
-0.320020545809487 -0.275033586354663
0.175416989889328 0.860419231353887
-0.507856231642488 2.05348003956005
0.333060849201356 0.20650752572719
0.25143223781405 -1.20551803922369
1.04655066441274 -0.193134011934253
-0.220834474843549 -0.121395361167874
-0.431317922521466 -0.0575354598408357
0.748425405399019 1.58618227666107
2.24421926034334 -0.174968284977418
0.0674358565165449 2.07946761722065
-1.79825404194554 0.119998040876166
0.726098819750545 2.18455850456982
2.10351094639602 -0.278658145252059
1.38929675761551 2.17774627880334
-0.18845802879597 -2.64349325760998
0.121699518345796 1.01749251926258
0.304218555681959 -0.0200371214567598
0.139475528297286 -0.407108273556863
-1.65808664883174 0.50125203466095
-0.231365553805602 1.31447013512912
-0.0023167284523168 -0.270116404677397
-0.130905222839782 0.425650168058936
-1.47317051375352 1.02400572087175
2.15167304050778 0.622138358272639
-1.60453428046718 -0.484242411977088
0.220233434693763 -0.984110897551831
1.98663495638572 1.1016741661531
-0.391205857210026 2.2077746918869
0.658650562639094 1.40907133253023
2.07095820685755 0.483220931252091
-0.039836920994722 0.401832304456041
-0.0398369209947221 0.401832304456041
-0.03983692107695 0.401832304065027
-0.0398369209947221 0.401832304456041
-0.67226404120137 1.48096409185722
-1.07239908847653 0.74705409058316
0.213065778952593 0.188210035851825
1.27150057503836 -0.492405947315248
-1.42449916330686 -3.41095751650102
-0.916880351766203 -0.918514870780354
-0.5663937202124 -2.40646803700581
0.825165241754327 0.00163288252147139
1.0425271020427 -0.816211133833271
1.20136572580441 0.604630353642135
0.297602449559691 1.07380244919362
-1.14590666525662 -0.99694642936532
-0.879626151319865 1.19677482662788
-0.245735866869817 -0.405612977084467
-0.112033815526002 0.694428869991226
0.219429952175946 2.14231603991017
-0.234704882610481 1.66892710088774
1.38261781073631 1.7243564648995
1.33502764636582 -0.125832446127047
-0.321036033604133 -0.23669198446679
0.278097153766711 -1.13446860466172
-1.73363120116219 0.741690597858022
-0.561308575472369 0.610180810023857
1.91263128382249 1.19231930831492
-0.996652768225794 -0.0796335528314732
0.246611977914451 -0.275550686317655
1.35391633991264 0.725819320759847
-0.259112052287508 -0.32025967302405
-1.99666999560337 0.63382498794333
-1.02256027127089 -0.0259707121076292
-2.09013723000507 -0.333830288863916
2.16621709671664 0.133818128272919
-0.228706824551967 -0.42614416926715
-0.0326155487015384 1.14757474880032
1.34530658002749 1.79898956439006
-0.324484922060084 -0.147268981321147
0.466469689770541 1.42917910428633
0.363922293833934 1.23435453318004
0.02460831326166 1.86262086593421
-1.11441583798222 -0.926854592140092
1.124443127699 -1.85205460699447
0.690066510642487 0.726529227572109
0.690066510642487 0.726529227572109
0.489754156818407 1.86297685483953
-2.0025746754967 0.0789012350159681
0.830904093746029 -0.0891643417486631
1.93707431722489 0.473830330332347
0.37820012421147 -1.68827360356952
0.865222747968496 1.95736496915746
-0.523869951197798 2.04193185825294
1.07757398706355 -0.563254524708015
0.175991097040298 0.774952845149032
1.32365291823822 -0.318423021137203
0.467757271311545 0.208785386601909
0.150889312747916 1.04889345356426
-0.0226251981328867 0.737543789007047
-1.71563523673526 -0.397970166994637
-0.155909020943139 0.995845642817344
0.213132403286036 0.188302575629373
0.0298699964275719 2.21736867148858
0.404286236043255 -1.41751861418698
0.760575230997278 -0.678776743339287
-0.426801273508455 -3.21222046222038
-0.447669001411836 1.73348998672926
-0.918948931814372 -0.246260207653394
0.0937637603614246 1.00911776073227
-0.524324049329754 2.00959649044217
0.62596934713664 0.246386435049322
-1.08278105966507 0.653601745868002
-0.0769697082935694 0.73035325030166
0.272665076813754 -0.466995394325821
-1.83230439173084 0.152245744552877
-0.349364892801672 -0.309168198735874
-1.39082343911298 1.93656971362042
-0.445813445949899 0.560694394054881
0.445840938861375 -0.526898086563145
-0.0426373899998624 2.09956620420413
-0.367302888893994 2.18594173883496
-0.0250585619916633 -0.837035003190043
1.40487037029417 1.40056601477206
0.269436790086197 0.0923095664634115
0.190648515339003 2.27230317024134
-0.196457570232047 0.551337854588439
-0.200562874931744 0.551121307420944
0.200230109442286 1.13832996992918
-0.93118292243546 -0.192712376759145
1.28856433350634 -0.328261112367413
-0.586146708480795 -2.16726654795374
0.513797837573574 1.4727600474923
-0.096141274478956 -0.521536563297384
1.16917554059475 -0.915592694753049
-0.876750186835658 2.24787579853374
1.63548995738864 -0.292841135503609
0.899556387005928 -2.57603899376454
-0.372944335910641 1.0113969752309
-1.14466914102459 -0.993714704935045
0.594804601384033 -0.909201256366503
-0.0878525757694311 0.483572094414694
-0.0878525757694311 0.483572094414694
0.531831317521317 -1.03614210865264
-0.904864477524655 1.07531539489517
-1.82353640342881 0.323311126887785
0.19475796734823 0.609401549820675
-0.101091845527307 1.23221249306931
1.40483496135723 1.4005464404553
-1.16732553284557 1.58738018486903
0.698039126684582 -1.12037479378168
0.830284492842313 0.027314905175971
0.0951039964721346 0.975783350047863
-0.357455711231746 -0.264331915138585
-0.463006423598309 2.12984904450164
-0.0842652923858675 -1.27332742737013
-1.24814530758449 1.83002284876077
1.25959253844589 -0.210235938153479
-0.958329189299162 -2.08185545436477
-0.202117818845812 0.550657852188232
-1.71205379922105 0.6008092001283
2.08368615225375 0.501259253864468
0.473079933908888 2.13864233070043
0.0521441749054324 -0.304991810142029
-1.19914842970885 -0.185375323681979
0.853940090348863 0.739832214259256
-0.0635698609685487 0.891248477241008
-0.160473308065774 0.567398559579179
-1.61346233009221 0.109363673914183
1.73348045533542 0.545283877617149
-0.0972986248081386 1.41387096236974
1.34529578901065 1.79894258537568
-0.192408813507436 0.555486136389606
-1.10792315369199 -0.924495736830066
1.42419015149952 0.534616897561245
0.101357600011952 1.74337032749435
-1.06061024830272 -0.904868322145864
-0.842840384171848 -1.1862736821692
0.541490900954848 1.3188670681487
-1.32332577928976 -3.39408693280479
-0.141368073379072 1.17026815586691
2.04163880806814 -0.0681044876198772
0.421120553840662 -1.4535767759397
0.662233315723274 0.259603847248316
-1.38202552490175 -2.9129389811742
1.34549770743128 0.719558120966927
0.535804140552339 1.27134920366629
-0.0287575333108875 0.911303780232191
-0.444668924271831 0.364763099929355
-0.981479744105399 1.10974497910419
-0.738759311515845 1.81945119654619
1.75653383378023 -0.162616210117332
0.50034643593335 0.274481314871344
-0.814273340328011 0.971849913279591
-0.287590339493105 -0.0352092530678888
0.620258977471164 -0.560630313667167
1.54567392571158 1.04368372379124
0.0968562391526964 -2.50620609402654
-0.595475638717193 -2.28483694916534
1.07434036819056 0.356124628137853
-2.0759594687836 0.332853663710071
-1.00829142010885 1.15008099600034
0.26708875462553 0.540014473876874
-0.794078598119397 0.987776140155838
0.238148799916491 -1.03075079426372
0.925967023712648 -0.0669589073798896
1.44752631834066 -1.01021153779993
1.15486663416794 0.202320343025912
1.36825216243338 1.79070869728993
0.803962182291072 -2.6468083757037
-1.78814326247893 0.342852427641943
-0.00623736399727591 -2.49994886283522
1.2391635420812 1.32263383671455
-0.739473198749803 -2.34488146023833
0.884773669750083 -0.536034475367175
1.27507268835037 0.0671273134947383
-0.312029572991197 -0.304085416544321
1.6949725328084 0.553181034814286
1.95952196210344 1.12622952505164
0.211580637816718 1.10579707636162
-0.0308375105558549 1.21371637555295
-0.147166332909231 0.411093088630275
-0.11709588330923 -0.740166110849924
-0.305498819850794 1.49544778238636
0.913786747875676 0.761923510625317
0.902983815673842 -2.58019596720626
-0.611717583587187 0.848153341731505
0.155232134746274 -2.44493397874365
0.720231033466392 0.674683942627987
1.453441832273 1.81440632019382
0.560536319141048 1.4985367672825
0.924454126646681 -0.949302154484238
0.373240796461442 0.109686565002747
0.860556815632328 0.743384280421154
0.857857759027718 1.94000074462729
0.086496833729776 0.921347514864943
-0.0938809335151115 -0.877017512678778
0.157507910466898 0.64806841680306
0.0959120285355748 0.97511506093243
-0.927332186246942 0.049117498722407
-0.302740718158377 0.346042406732028
-1.69567504358908 -0.145882753463516
-1.5975591888673 0.365706624291381
0.412657705304672 0.173110732088618
-0.939796409636853 -0.980150870381033
1.31672372813371 0.752346371215046
-0.327423974787637 -0.156146041943838
-0.384348436065718 1.38300902958295
1.39008003826007 1.91089054192834
0.81491263629472 -0.521768962557328
0.03631434176355 0.601452133818987
-0.96822806780626 -0.923498137008995
0.829032778695218 0.0212349386874573
0.689965836419339 -0.841630103173247
-1.60071590570276 0.243528587264799
-1.59850679475685 0.368831503476548
-1.00188371319428 -0.0675435997002321
1.31469422784182 0.798678529434611
-0.115838826703941 1.70725624477341
0.216407824169513 2.03497336979625
-1.14234384611185 -3.17938884331949
0.0528898311265063 1.03617623219577
-1.90400490867974 -0.927471085762058
-1.64040233766166 -0.368803088697528
-0.927312742963533 0.04925912744458
0.155679195379735 1.01444362416716
1.26265712171811 0.0376572274664786
-0.618504978149596 1.73838700487426
-0.977589035307591 0.015302134869477
-0.0219692249185381 -0.681703753215374
-1.03064425779928 -0.908434043830412
0.647228262734975 2.13113908721861
1.14804866419062 -0.289302599166348
0.726153956753503 -0.471983539627741
0.333091738206051 0.206538590456316
-0.0696395458889239 -0.727391654639042
0.247811012196626 1.93467245700646
0.455382635888381 -1.79565461284302
0.948226749651912 -0.0342158787414642
-0.913869229834804 -0.929905025390768
-0.395595721794204 -2.1618427046696
-1.18637485692362 -1.43464681652199
-0.567695727571721 1.80284054576462
-1.1441977285844 -0.991373540876604
1.65501494865531 -0.744491091987607
-1.10678627533831 -1.32115259672847
1.29117892735008 -1.28991869667279
-1.6439192710301 0.306265363115192
-0.124805904033719 1.66664496119857
-1.67314388628044 0.364196915650273
-1.3383392008987 0.882649875328078
0.209531039738608 0.181557041756342
0.333102841833 0.206549659850171
0.568879021102335 1.28142048576156
1.94613732034255 -0.810614468733967
0.190527683866221 0.755356959754393
0.507942395231642 1.72446511468373
-0.971176371606381 0.0104810122088607
-0.598599316020531 -0.496690914166158
0.90401391237226 -0.374003801175323
-1.38415221925743 1.90187795728606
1.924588083638 -0.854976886571331
-0.185105802231266 0.486131930631786
0.314745652303581 1.36638314992042
0.473342177459683 -0.699110339158777
-1.34473916162605 -3.41493284037426
-0.178238911539396 1.1618028211127
2.02991934386373 0.462097005353652
0.211608381122606 0.185479598993026
-0.828424183854433 -0.456844754677891
0.0967431861922242 1.01654025125822
0.281095824645011 -0.252821296583142
-0.637634585476287 1.81882931205951
-0.467978265350483 -2.51484613132064
-0.00516308742940264 1.22658495744499
0.492896551538402 1.46162708270832
-0.289910472024361 -0.372757670769774
-2.04875374516855 0.884796804386407
1.95836308948549 0.840846410784971
0.843426559955344 0.740741817963012
-0.839157245707012 1.06830285970982
-1.00516199361102 -0.889631610321493
-1.84327502222137 -0.342885454830228
1.6042232229417 0.77553366539995
-0.0777933539770819 -0.80703314174295
-0.0777933539770816 -0.80703314174295
1.65270842630666 0.375359860083631
0.434663369050344 2.10322205360885
1.56792256998377 -0.452421540391599
-1.84170551944857 0.00369998019809902
1.16643202034241 -0.0552023675834027
-0.173585684667504 -1.09449203427027
0.641341534681938 -0.233928235310926
-0.628904784087001 0.953687079473289
1.63877182313148 -0.440102516888698
0.725949430289143 1.59522572307076
-0.0270636943988665 0.587063761027513
0.100122906051068 0.982323974476536
0.635367770972747 -0.24541312198286
-0.927099107032343 0.0508486545380061
-0.977123226527255 0.0150001198487156
0.63865967272834 -0.291773965980082
-1.01350060852274 -1.18821390997221
-0.960762495584957 -0.937749517357731
1.03093179546017 0.717882254570399
-1.49039406128843 0.411601193472097
-0.931006038415698 0.0243468341685811
-1.65176068440148 0.896659296042603
-1.19710417560679 -1.29417438236323
0.22094241525489 1.85260985326725
0.100607670843244 0.983160449449171
-0.658650826099016 -0.440637029828668
1.86225573110073 0.939705503843374
0.418718919457055 2.12678094664807
1.90860468065146 0.80647069075858
0.826760948767397 -0.766132430516552
1.40494551469448 1.40061790677545
1.21454714600367 0.807869447172465
-0.599918321986706 0.555388087060647
-0.993852587335834 1.12287798082738
1.19180390110079 0.783929185031662
-0.840377049311441 -1.95997586082963
0.18868638650106 2.48457720018445
0.226764000811591 -0.472123298534094
0.282244076883477 -0.398507261935246
1.31693233881078 -1.12694602866563
0.726097124327687 1.5960852577128
1.270469614387 -0.0061706352342482
-0.0906725994917877 -2.90351997199698
0.948344822688415 -2.60478756389103
1.81540162737865 0.133300100661303
0.0105150902728799 0.318043017524402
-1.04519605619759 -0.900416240888527
0.0204276252198058 0.575366517431546
-0.864744004436218 0.171848305260678
-0.905496519714695 1.91224523676253
-1.0074418394451 -0.976096794981267
0.652722783219588 -0.0791353450355689
0.409931161778342 0.169966340315896
-0.943309329801292 1.92549413475613
-0.464128576433166 0.349857958066649
1.11832595809365 -0.326857290964554
-0.896118453466219 -0.115280544027205
-1.01255316735117 1.14357909339529
0.264871430492744 0.0710277393726458
0.332982222300866 0.117641270607489
-0.88717496755305 -2.24808218132278
-0.41994108543286 2.07981382978029
-0.864726683688317 0.172110385477545
0.475136886054796 -1.45967014012097
0.252206132220458 -0.466588296163965
0.252206132220459 -0.466588296163965
1.25125425585696 1.25477113900188
-0.641935893017888 -2.35771030950082
1.64141593871886 -1.21849679130825
1.17489100867885 0.0850385696269197
0.618633197040191 0.67936544629907
-0.604461685534622 1.32428105880815
-0.927205060092742 0.0500519934525108
-0.838308522445193 -0.146419657085782
-0.948165781702514 -1.0283383431983
-0.320021314585315 -0.275006455588718
-0.465558034860676 2.58350800585199
-1.20748017399711 -1.18711789888416
0.355690357295183 -1.1892768534792
0.324861269795495 2.16841370035157
-1.66162482979449 0.109266016825086
-0.954650697795301 -1.06872690442602
-1.94409723763578 -0.485558061000637
-0.993892111307068 -0.903401574176896
-0.228239758808281 -1.12908375429088
2.07418916040708 -0.205732362676435
-1.34295352640787 0.645936757785875
0.81843719458974 0.727097957484711
-1.59873671668056 0.369606584260019
-1.01457476116125 -1.10290790635769
-1.07785315019877 -0.816157776143873
-1.32543866048255 -3.37563670245451
0.934088955490678 0.795818787002755
-1.32521885012487 1.47211466334205
1.53454801433414 -1.00455220801023
-1.55629091646895 0.942404427906618
-0.933195890709632 -0.94316939048877
1.46187745463903 0.0433934823384164
-0.507635199185507 -2.84186327773749
0.00246084142365372 0.872350835094766
0.971102488791532 -0.508909711207843
-0.914202623419205 -0.899239265172463
1.64348266824135 -0.436071353013618
-0.85451410114548 -0.0665058816561385
-1.13905986478533 -0.981619731781749
0.265513586230556 1.1096459478484
0.249168873607863 1.06678649824969
0.829351286893646 -0.0918002810304421
-0.226126678421329 -0.30918148794496
1.76822110216424 1.26709394990658
-0.0249792363703423 -1.43360393404017
0.106182237820817 -2.52873801175069
-0.481007288415513 -2.66328458420788
1.31188152969072 -0.82190260739441
-0.0245722454704376 -2.12771032215799
-1.66456915157071 0.176226899605585
-1.79064301207253 -1.10505268144493
0.461534134215995 -0.555289217398801
0.245097035146361 0.137204418408456
-1.81219211506519 1.26726370492712
-1.75767097393928 0.952157494209791
1.19910585871531 0.7919320140841
0.684766155315796 0.310281879009282
0.207067297586175 1.08326820844115
1.91062630290613 0.799068527296919
-0.879629263923173 0.14373554891638
0.291043677425922 1.15674980610039
-1.14025875800946 -0.983111734797118
-0.312026975572646 -0.30405733188501
1.69332507806888 0.0962932626568998
0.266695952645762 0.23330084878938
-0.26103800232003 1.46599579179711
-0.969111342530707 -1.15854925025528
-1.13750763663562 -1.49559019358388
0.217310013359125 1.23511236103305
0.201122255715243 0.108200533368243
1.0008034915737 -0.0665903756327178
0.269486434008497 0.0816870950744193
-0.085537957541663 0.377738483955979
1.98027191386361 0.410027989861741
1.34261083103362 0.0555436430450947
0.0717502564959936 -2.57904551971769
0.864453589488813 0.745932250256552
0.79974552369831 -0.14243851708302
0.356886858596762 0.929523633837573
-0.336191965880942 2.03980703284644
2.05352230217956 0.848938050140739
0.461795168411207 -0.551192239112949
1.28589214353459 0.226991984967047
-0.877596777863273 1.02393773524356
-0.840893704042506 0.210860120617148
-0.912792044367732 -0.923128320860159
-0.213749522327798 -0.135060916808599
-1.10272139674069 0.515566302490862
-1.00628042660668 -0.891182269611909
0.204790151347458 -2.53152548822906
0.0540468479800286 -2.49245524859138
-1.92420574641137 1.1974898429782
-0.331489971888918 -0.261663477681454
-1.43247822674668 -0.076293034565335
-1.25180710847612 0.721200320845423
1.37165013373064 0.313658545649871
0.21562730063468 0.0221945451257342
0.743905423593799 0.0221795317808564
-1.59462474780512 0.230387308763124
-1.08232639906649 -0.975917174475189
1.88010095998409 -0.813229393962195
0.936520531941898 0.797691799018201
0.445323066162578 -0.547664138143284
-1.55545716669856 0.941037484832817
-0.719081675963891 1.92335064841583
-0.436064895522139 0.48502970642008
0.397156023175164 0.513471325965132
-0.0165714251639562 1.04797675328094
-1.35786143658754 -3.4114522073539
-1.10845381279841 -1.67448056688039
0.729802339122444 1.45227089159673
-0.869673148709723 1.76059069570177
-0.389115404504542 0.153321595146132
0.221033049491163 -2.06858846710074
-0.284762020591569 -0.0887816164477008
2.40370095557154 0.214732128265918
-0.412429446514108 -0.509047330801552
-1.05649217885423 -1.05488667631162
-1.02876918292103 -0.89903273387077
0.133467221982175 1.03586547907539
0.826859455679417 0.692981182028411
-0.358782946911335 -1.45991646924354
0.337110214081798 1.36602509621541
-0.998957027133003 -1.07957136578126
-0.0970139729985822 1.12388143638368
-1.13793839532022 -0.978479706073484
-1.41150370411545 -3.34702248101732
-1.41150370411545 -3.34702248101732
-1.41150370411545 -3.34702248101732
-1.41150370411545 -3.34702248101732
-1.41150370411545 -3.34702248101732
-1.41150370411545 -3.34702248101732
-1.41150370411545 -3.34702248101732
-1.41150370411545 -3.34702248101732
0.91379752094067 0.761993833790266
0.504951071496556 1.41163046607764
-0.0478380849514247 2.16273101062485
1.92166159956574 1.15828437205367
-0.109406706535877 2.30909555904917
-1.11541549380632 -0.925327356609622
-0.927679263084738 0.0464739430370445
-0.94997157909514 -0.444265271848948
-0.170825881432389 -2.5821237967393
1.46059191528325 -0.805196637991743
1.14091079132197 -0.69716337955292
0.552868416515158 -0.155236301262233
0.552868416156231 -0.155236301349531
0.552868416511159 -0.155236301167839
0.552868416305244 -0.155236301186483
0.552868416019327 -0.155236301586056
1.27582684519801 0.71183120494556
0.288063781975592 -0.0953426575275761
0.493294684627307 1.06748156698079
0.138650387428995 -1.74439365219714
0.107422003610952 0.994569844632178
-0.935307693309434 -0.949045373695254
-0.100956447009242 1.67967918867168
-0.0427029900791307 -0.978979963012948
-0.37941330929253 0.793527720727996
0.439771803375531 -0.365593575675026
-0.00527055856228535 -0.581607665866756
-0.98951090834788 -0.898996362066865
-0.084707856946565 1.75648965869563
-0.927489951108897 0.0478703249416905
-0.651312423716658 -0.575241298132178
-0.65131242412587 -0.575241298373061
-1.22359243703451 0.578330571312472
-0.927114630983794 0.0507305333924357
-0.0578231652232663 -0.700615434687494
-0.104532377164641 0.717571532083677
-0.910859373951521 -1.30891085615541
0.108066539715599 0.99563649348426
1.18209202652272 0.758327462933934
0.826662536052497 -0.74220389606629
-0.934073234973506 -0.0462572312261145
-0.356663567717915 -0.2882775964172
-0.942636224327346 0.0653050032873908
-0.993558609117867 1.81213748978886
-0.276580525907171 0.318099299282936
-2.42681182528639 0.0628786624168551
1.0967625144042 -2.09055550937285
-1.07110933853147 -0.970021351707958
-0.768725122268535 -2.02404145917654
1.55630058713208 -0.784535022513893
-1.411638323415 -3.34811101773883
-1.411638323415 -3.34811101773883
-1.411638323415 -3.34811101773883
-1.411638323415 -3.34811101773883
-1.411638323415 -3.34811101773883
-1.411638323415 -3.34811101773883
-1.411638323415 -3.34811101773883
0.389069967812224 1.97448087175467
-0.650497845064739 1.86619998825933
0.496886232499694 -0.358826108520083
0.108852986264975 0.996930253750054
0.00847370518926698 1.79349549795199
-0.33226848931214 1.51492706825006
0.810863710513805 -0.0449383420935694
-1.44937785305122 -3.41379795950557
1.06903819017754 0.0568379286399362
0.867364826014346 0.744714425573267
-0.368661672034335 -0.267827504109446
-1.24335613651021 0.710518688092005
-0.0082807707252715 0.915025814129734
0.655579432794452 0.210068273992058
-0.734105217979762 1.81698123298013
0.528674928058388 0.342183319081086
-1.0302016796025 -0.0280382464479559
-0.36325312310564 -0.35189915735994
1.16789871250546 0.188880545531758
-0.862365090243811 -0.0502068177716405
0.472898724622429 0.274959270755811
0.109510960230199 0.998010058512252
-0.999586328673417 -0.89109638269702
-0.280804560307052 0.579941567533935
-1.07187532647 -0.981286380985584
-1.10621875401519 -3.44987890832879
-1.20919361395417 0.526281071945735
0.192468008939134 0.0090501826916206
-0.0861322365542821 0.445451084060163
0.582794113885855 -1.87381937519186
-0.121116933589126 1.79316626533634
-0.148941020021539 0.62476673603168
-1.05873473766145 -0.903474301396991
0.245114702397973 0.137232912624605
0.337132974511201 1.36608056424914
-0.696705322251826 0.866420140917859
-0.999183135846328 -0.888214272110225
0.34068167326094 0.191740782847716
-0.610778693532494 -0.919005142130998
-0.582473660453224 0.805529319355115
-1.10622561818754 -3.45124222133152
-1.10622561818754 -3.45124222133152
-0.445489208954838 1.5646733871024
-0.284671670636641 0.582770737067007
0.752846898402689 -0.731443469748869
-1.06776162275079 -0.920000887498002
-0.911935937825922 1.21207535434959
1.06090375886667 0.747624206201085
-0.343774651240187 -0.381887861402031
-0.332760967846788 2.21346459249393
-0.927390250035001 0.0486159770775733
-0.356663334724407 -0.288271087235788
-1.05726867220749 -0.90201413585316
0.025974867646984 0.189638215708779
0.535804941417472 1.27135041883634
0.914030713482355 0.762115321757793
-0.837998104734379 1.06671939041101
0.424594347060203 -2.37500539188934
-0.190252725340514 0.54614360766083
0.831682108536165 0.0336991382758137
0.950223256374675 0.207628901683662
0.111352851477716 1.00102131665848
-1.76495692873352 1.43990670762563
-0.229593747063982 -2.78170591951003
-0.76391462333352 1.68253003800319
0.694687127876867 0.15277760136986
-0.276544920450092 0.585129998370336
-1.21287594219972 -1.3269654942913
-0.149473351632738 0.617880560573511
0.280493769405043 -1.18789530161348
0.641438948464284 -0.233844198330114
-0.205727881972516 0.507209206591818
0.251874314864542 0.0602194516311789
-1.65124436728844 -0.341513197427825
-0.622561695185192 1.99291941693609
-0.218417996425966 -1.42534838802358
0.245123153379702 0.137251340280184
-1.94463484256647 -0.0284131638816024
0.0925956007511269 0.950557636807885
-0.64665153263173 1.8188799356676
0.410126150389921 0.168321231697283
0.722262320005132 -0.132162423851953
-0.927629007164676 0.0468421369606571
-1.65275451216851 1.08870432024499
0.296633069354403 -2.05239161516076
-0.522108642924957 1.41833441698741
0.816947437409057 0.643370896021385
-0.315668433617758 -1.82106241682716
0.348110266044405 -1.23213814088665
0.864157500222727 0.745706115950274
1.44053616791413 1.39043465786657
-0.201595368202749 0.551883025822417
0.319513480832567 1.10283207114506
0.830947584855486 -0.0636705089449515
-0.0804713261663117 2.17108382839228
0.869086681317723 -2.70707512591591
-0.069457214271837 0.453102248419026
-0.0752146184005055 0.462307666673553
-1.03015240724621 1.6681390549561
-0.142080043057855 2.27381105791269
-1.13472543909652 -0.971252591630208
1.42127269508996 0.175704960995506
0.593895954663753 -2.94496634160397
-0.652036198646903 1.87244570282137
0.75794925596624 -1.07611270661171
-0.837485560262567 1.97040614722508
-0.389836077129002 -2.88347540784554
1.19185810496374 0.783996531790298
-0.977053223602583 0.0156222898733691
2.00653205312529 1.06318243750364
0.913914549263932 0.762054877734071
0.831591657264752 0.0333221960269262
1.22641943184962 -0.561538584832367
0.397970658842367 2.11873105291803
0.365665736287953 -0.486974604815243
0.162743320395011 -0.421095519665639
1.44564457408036 1.77335016503849
-1.18287793777417 -3.45837583578339
0.0898299372762079 0.91761830915799
-0.80627622964124 1.00726914846182
-0.189430045188965 0.549266254729927
1.25626055617617 -0.406430120406047
0.0435082041875469 1.09291759481917
-1.59875083445412 0.369653236721477
-1.14484282502111 0.753077075212243
0.287637739066992 2.08581220776127
0.0653208727216369 0.367406140735583
1.53615774525056 -1.19806716282471
1.68941087686351 0.592965167370295
-0.958606823707421 1.28390210032457
0.066954565857856 1.43406154706206
0.863316627437828 0.745302987936897
0.142789016604011 0.0318905327661768
-0.475055657728478 -2.48884084293011
0.412535390229419 0.172986533792858
1.46922285263402 1.7101904775924
-0.65164099929863 1.38194284396769
0.432256897092548 -0.318193206508812
0.30490626029951 -1.6164420659725
-0.206394133964895 0.553128915902832
0.401305892586692 -1.39878703134374
-0.0123532448076325 -2.79499844134696
0.054712419039905 1.03917518773988
-1.34098323528225 2.0213414303733
-1.09926267205022 1.89381296121628
0.913814119494748 0.761931264250523
-0.0494400114815184 -0.759760451359061
0.486496709728634 0.401013186980202
-0.0738029559020629 0.458720475374003
0.0934833324287234 1.44371282075548
1.5375954263456 -0.995358447442144
-0.601065929006136 -2.44612664509043
-0.95339475188097 1.07916636197943
-0.15513705252234 -1.19856113965375
-1.63489630387333 0.921165692345946
0.864601964675047 2.08176129404771
0.913245455043058 0.76163849530519
0.197943997942071 0.0594976097375202
-1.02763448326538 -0.0214049242346062
-0.887480184203785 1.20630492412732
-0.996441965668689 -1.23799139501118
-0.111818307824538 0.380597430801761
-0.207719974489881 0.558891195518941
1.21321282858163 0.806818646320639
1.15638259131838 -0.0303758974614469
0.356116715820838 0.0321958654792341
0.0132142659333357 1.79947464036633
-1.79806250645565 0.806892136654372
0.00454825422713711 0.416999659440188
0.697660307226242 0.539731646613363
0.5256718115495 0.313521357497921
1.81125409666256 -0.894707373061987
-0.0451435883227077 2.12352798368346
-1.04723699980369 -1.78175589266222
-0.933403635907111 -1.08918285099742
0.681041923318451 -2.20734262254655
-0.802592752393608 0.269921266568238
0.917356376473268 -0.726652488422584
0.373875388107733 -0.555485909836212
-0.00545428359546556 0.912037714945061
0.675526028735599 0.254107734860776
-1.21329737623038 -1.32275989305429
-0.380375653280884 -2.28640497047884
1.2150725913396 0.808344226080329
0.257954039451089 0.185212077073339
0.408917645109988 0.169011845883313
-0.983569118397182 0.011319857773178
0.502104741525565 0.276574559435459
-0.47744311667089 1.925635917688
-0.253075350693513 -0.455247209521419
1.30912860338855 -0.3353334627031
-0.771070335087533 0.305114781922628
-1.61324966608729 0.786838173429735
0.176270988610812 0.0817099092328396
0.528072184611602 -1.81171400938714
-1.55326009163178 0.937291946697608
0.0820322096544146 -0.98977895678049
1.64593107181237 0.570481374160223
0.3328785704427 0.117535886200902
0.501756180097818 -1.96676471563817
0.696578904546 -2.6835269659172
-0.970758852958704 0.0171536266655716
0.869530272698806 -0.789808658643777
-1.00139637520631 -1.25307594495242
-1.06748346406384 -0.91045842475037
-0.363117251700296 1.52109557329083
0.843679632164583 -0.00458372115051367
1.00128500639064 1.85681495730669
1.10487737639314 -0.526944403817413
0.551453008456618 1.44324033777205
-1.22289292782427 -1.68300694719548
0.639441954478345 0.112786287887729
0.639441955257079 0.112786287887634
0.639441954478345 0.112786287887729
0.413700782903196 0.174099036210282
-0.158053669179804 -1.46636744016624
0.903234280865837 0.197752141256261
-0.284570667885786 0.151563407996366
0.412899521847903 0.173349139482671
-0.558341952465483 -0.464249320254867
0.0156951562280788 1.77183902623818
-1.54475509815528 0.926754706030291
-1.14840856485633 0.756408162210591
-0.977546772324376 0.0103528554758223
0.864419695740929 0.745912182997603
-1.14260295446883 0.750963733019981
-0.779612350371921 -2.30489117048432
0.0977658947104132 0.184264686737683
1.92022427478904 1.15998587585542
-1.27319653201796 0.737967649195074
-0.190471384948702 0.575585993864806
0.913491132830851 0.761681669855678
0.492887332654212 1.46157428881879
-0.976650769587346 0.0212724926488678
-0.976650769587345 0.0212724926488678
1.56510179023459 1.01187654896339
0.892715012692125 -2.69881822466501
-0.832253665998098 -0.541216020929183
0.332981421556119 0.117639437136565
-1.03814077599007 -0.911663069502163
-0.320021368368844 -0.275000752404045
0.914048044522419 0.762131622361053
-0.356663377925075 -0.288272156943049
0.199091161800537 -0.0677655905596549
-0.946727952780518 1.08537213550637
-1.68601638019784 0.891555442130966
-0.78337462612818 1.04575453657916
1.96811211890914 0.368291741317147
-0.988884238106698 -0.898175884269581
-0.92712506931256 0.0506337975763973
-1.21499614441559 0.787836129979131
0.739206758267736 -0.10591607538441
0.779081764843283 -2.22188688430179
0.60883268819111 0.301714510219867
-1.59826333984207 0.368312532544942
2.1183220787754 -0.221270549470073
-0.441976722879281 2.10240233389045
-0.837887911722882 1.02773405798646
-1.19950211560475 -3.44180126328056
-1.19950211560475 -3.44180126328056
-1.19950211560475 -3.44180126328056
-1.19950211560475 -3.44180126328056
0.738445422693962 -0.107398630961678
1.31816540965321 0.75297788056086
-0.993025303737292 -0.0797694851658946
-0.411532924007229 2.14586592362992
-1.27015971036384 0.73570435037662
0.361384478343635 -0.00790164878889317
0.208282878185692 0.81824417783217
0.834089991401437 -0.0419117616616556
0.245177527764051 0.13734826835096
0.432612996543045 1.44653057124075
-0.358461518286106 -0.567554926691486
-0.95482086873359 -2.63898780501433
-0.95482086873359 -2.63898780501433
0.413742263374474 0.174134817817511
-0.555677053400789 -2.85142951193138
0.740929213113407 0.0702904765797629
-0.673844159655387 -0.422893886439633
-1.11854242559167 -3.40632968958631
0.610647481931899 1.33532218903201
0.0291130715616966 0.991972893899041
1.18897662912327 0.185350114506137
0.486318975366428 -0.0181829257414686
0.913114251893593 1.4382177133523
-1.63589045728514 0.863183883818319
-0.935253673686159 -0.0147980702378687
0.886294362296765 1.22549299077559
0.814484185637846 2.18761677690962
-0.212753974427464 0.555600292793831
-0.202924609196496 0.551740843176118
0.251511257881134 -1.11911335371528
0.407967844090773 0.167877109196547
-1.25746520099028 1.6996455349755
0.455054543983056 1.18838834235734
-1.13525152067249 -0.959651526007602
0.182529963885183 -2.54346509116755
-0.947067552861886 -1.10805355642205
1.36833620868906 1.70100383984964
0.7060896388403 0.381250212113715
-1.17867627683713 -2.17284677101166
0.914032791504423 0.762117247311817
-0.328334013399812 -0.373862625323197
0.0774821602694197 0.911195398682144
-0.196679238932474 0.551762224282914
-0.558339338948926 -0.464243368515911
-0.558339339693214 -0.464243369497493
1.17548083502617 -0.175056543084027
-1.83413149529459 -1.08225435212167
-0.840833296568053 0.212366011544419
-1.0350947284192 -3.33797589580505
0.807026637544572 -0.0989476571853459
-0.114517774478147 0.61246017102352
2.04983197209889 -0.559812708565199
-1.07515731424383 -0.943488233406577
1.46916772553618 1.70962034530454
2.04439491484644 0.744636264790452
-0.217898839934429 0.563407668663117
1.53331707020974 -0.365393853504871
-0.198813505287748 0.425304648470451
-0.198813505287748 0.42530464847045
-0.198813505287748 0.425304648470451
-0.198813505287748 0.42530464847045
-0.198813504703072 0.425304649147359
-0.198813505287748 0.425304648470451
-0.305511605828706 0.527418477088335
-1.4303099889009 0.318167414534208
0.292043816982061 0.0237320901118111
0.914047808334321 0.762131393116464
-0.35207378708971 -2.93062455442128
-1.06561392091309 -0.921751091704161
0.256274028229846 -2.35064017868898
0.254912714447925 -0.0552938800220303
-0.927023396524803 0.0514198650696891
-0.896213843151803 1.07289717993167
-0.552576484057816 0.889163031806439
2.20932054475455 -0.0938094803630014
-0.102205258663075 0.379841625478009
-0.672164556513716 1.96172417331936
-0.573418128294652 -0.428422690319256
0.474574128113904 -0.40153908406473
0.69766030726487 0.539731646562751
-0.558338563063485 -0.464241600878459
-0.558338563433716 -0.464241601492886
-0.558338564421704 -0.464241602569505
-0.558338562689426 -0.464241600511319
-0.558338564433295 -0.464241602547677
-0.558338563826103 -0.464241600374877
-0.558338563063485 -0.464241600878459
-0.558338563063485 -0.464241600878459
2.28717114881952 -0.0222409168955774
-0.731156231734085 0.869835046428991
1.50217587891659 1.69104857456765
1.87688997986065 -0.750459443118431
-0.432136293694491 0.687743243317042
-0.316200607363375 0.284877433749308
-0.784477154987327 -2.71238819306792
-0.888177042811692 -0.923461033743589
0.095841872454209 0.676828959670691
-1.89129353573713 0.568601028518826
-0.676323744463066 1.82036490088674
1.42821303891999 -0.443683821689366
-1.97133426764687 -0.115478920149831
0.197590566975025 -0.00248168745709742
-1.28551941203783 0.745540641557446
-0.00199107771688609 -2.26559544019765
-1.09322867672776 0.54248558750881
-0.802673193973215 0.271841619448903
-1.1489219647258 0.698200900898317
0.759947728997953 -2.08675145832777
0.198484343090866 2.08260353155688
1.31644699434694 -0.111784796866263
0.469146449485786 2.28103651304073
0.174564412645304 0.0286918978113944
-1.60585193980005 -0.176848997612074
-0.313082998466069 0.317391434064954
-0.203784369265377 -2.66220656408457
-0.454193856416603 0.674044967553881
-0.215005345260676 -0.338965144422101
-0.218214341832482 0.230690330447622
-1.61857305558823 -0.245309070884412
-0.214227233181915 -2.74181555030844
0.736896381761389 -0.109440903249171
-0.947066388935949 -0.934738465316819
2.02697813383218 0.123938616801153
1.77732131409138 0.467362970091826
-0.927088228149029 0.0509179027725968
-1.59076199924167 1.85710472615908
-0.833475869761296 -0.947160301102569
-0.231259317576122 -1.15853263476827
-0.772539783301162 1.02760910380369
-0.599293600512251 1.69143081046435
1.66324494333012 -1.10123971109347
-1.5117615406885 0.877673913327832
-0.81705023840651 1.02341455658051
0.907393825971244 0.0457491165091687
-1.55550264700851 0.941131119256405
0.2127893651898 0.0143938977174778
0.842232076741852 0.458183652609684
0.694012538863332 -2.30502825416998
1.13576658454234 0.778015063373679
0.200998674010886 1.17232253629573
-0.277975392200333 -0.281481005306954
0.410674164784179 0.000908388933216325
0.795720381139722 0.695784431815806
-1.29187730796837 1.75242678475413
0.27920965946874 -0.446507660008431
1.26946366585801 -0.571752458443862
-1.19913488448147 2.0728331599314
-0.804259062748861 1.00343606884437
-2.1706671735773 0.844711666230369
0.705445707106997 1.96179449454228
-1.16006326456931 -0.933576388432432
1.46921566993891 1.71012082031978
0.627867962056937 0.191657747010625
-0.32431931364454 -0.317244006945899
-1.05882303648972 -0.903346948506045
-1.30292335024841 0.759942707838821
0.513766572938085 0.0659663435792467
-0.70777722761722 1.27995125170769
-0.804739861837027 1.00422498187382
-1.33473852651092 -3.4047114038369
0.732805585481808 -0.115834723789343
1.34336842646334 -0.661268998916837
0.914034031337441 0.762118815903448
0.549303896685376 -0.625815671359523
0.110576629233757 0.996601171028918
1.31180208383128 1.31561440363881
0.63609342440701 0.235999448540786
-0.320021369353508 -0.274999806170123
-2.01340268769721 -0.0941310259680485
-1.14585181871807 -1.8347768915822
-1.11710051035336 -0.927415124677158
0.410261516345358 0.170334181370166
-1.2766931639688 0.739425807870025
-0.183625776597577 -2.04442324937228
-0.342367014686554 -0.319623339468424
-0.927211824160286 0.0499682368247902
1.61264442222052 0.301134755054198
0.160528390988404 -0.164600377504067
0.964604440026519 0.369640614034171
-1.73362268864867 -0.589090327058307
0.766826044498716 -1.56620714675673
1.17186487559228 -0.0217711422094929
-0.926930139873798 0.052362965449347
-0.215731031219311 1.78626639302732
-0.119224103237371 -0.872230141970103
-0.808306561438845 0.26099296840617
-0.371174966499612 0.762007453823124
0.845954204667691 -1.23791053980614
1.18928635307126 0.78240116530025
-1.18681007440115 -1.75894538396549
-0.0711360536408812 1.93126315114358
-1.34013471643346 0.634471660817499
-1.01420889694041 -0.890611663683008
-0.491435294148879 0.654508750942554
-0.780220669833545 0.083394574138447
-0.774229875543612 1.03049291575516
-0.430452935773346 0.183823793854286
-0.81733210815486 1.02391634084087
1.41883088716559 -0.337543105922592
1.25022638035018 0.714039654364373
1.61105961391215 0.72141789822846
-1.10473586089826 0.766745132934421
0.905606759517064 -2.57866447982279
-0.927075269231325 0.0510181609222136
-0.97035289499571 -0.827813417166243
0.462296395325452 0.532268010498298
0.22804193182979 -0.0242165257646511
0.22804193182979 -0.0242165257646479
0.914017013324326 0.76210281079029
-1.16278262129665 0.769450099251822
0.828631072134881 -1.77309852052236
0.164514034806202 0.134778850807298
-0.734977267321346 0.334272168898982
0.527238201708777 -0.125475322759447
-0.490155656515964 -2.05792450226351
-0.904140842850755 -0.0261426456527713
0.951426025462956 -0.649442716738768
-1.04322177967272 -0.940855467176545
0.486359926954186 0.579423454462494
2.05104065311631 0.341047190057369
-0.977034663607107 0.0160322849123904
-0.204394241854499 0.546553487638231
0.976505485154821 0.377161864355558
-0.143285390384914 0.726183406484336
0.774121216346698 0.448124668622498
0.643039798831073 -0.126063809505243
0.0540400452582046 1.03806420894946
1.14649579123721 0.849582124322043
-0.17720785045954 -2.41769884960826
-0.777567472618184 1.03519689761952
0.833621648215337 0.712407259541758
-0.525831209450531 -1.53103479986238
-1.00506329329913 -0.888674034063134
0.46255677157112 1.40419244743621
1.78724192206085 -0.449430842024784
0.914048254297277 0.762131826695403
-0.782802914568608 -2.7036563027574
1.06207320277791 0.786800192950081
-1.10248041153138 1.84170815258696
0.477646037114546 2.13612944407825
0.477646037114547 2.13612944407825
0.326312605558451 -0.645297538504468
0.649144598581446 -0.108279606379337
1.22708063877368 -2.07206516050604
0.899057368365794 -1.45992894440634
0.976514139963067 0.377185136852038
0.381186843559743 -0.30385132846745
-1.20239480007947 -0.991880430735966
-0.927138728325005 0.0505285755016656
-0.927074955741186 0.0510204620394546
0.97651632090575 0.377191002494686
-0.707051076617475 1.2827913364524
-0.941875607199306 1.83044693866822
0.286692905166354 -0.0904780999686532
0.285045408510907 -0.178518678569424
0.976517989620005 0.377195488836076
0.976518310823988 0.377196352578384
0.976518310493161 0.377196352640498
0.976518310823988 0.377196352578384
-0.164213403518638 -0.365024476122362
-0.770420562993897 1.02396297129024
0.304129980574473 0.0770875975116452
-1.62048834208057 1.1932785680376
0.526962214212979 0.518064200558725
-1.36946611391333 -0.120291107629277
0.613630030580228 0.297048360305707
-1.88086186079738 -0.450259201536735
0.163418770537717 0.0383256460581619
0.919887340774225 1.27910969367634
0.976522538244928 0.377207721464285
0.63833318404351 0.233892427149458
-0.803092077662436 0.281314744371024
-0.127986912354399 -1.07919576327365
-1.87103075096889 1.15112494543285
0.420251807888765 -2.07480235031305
0.409131795129273 0.169184964585703
0.722587606742319 0.318203407699375
0.976523904398094 0.377211395162843
-0.501165601213889 0.646389522916496
-0.91813772528108 -0.931103599506583
0.00871003893202812 -2.43583980545609
0.976525855229884 0.37721664116242
0.976525855229883 0.37721664116242
0.976525855296463 0.377216641367504
-0.499238715712322 -1.54750307956227
-0.598293849302365 0.635500524591183
-1.05382576135571 -3.1241955661439
0.172584574314655 -0.0849889648542689
1.18742481813983 -0.121274162981599
-0.0626878820590724 -0.790543404079675
-1.05671381311701 -0.917218087620226
-1.28961455794363 0.750266587536006
0.63543765487183 -0.24338077275981
-0.779532954509135 0.315591421213858
0.710091941802915 0.652325766908475
0.976528380478272 0.377223430904412
0.976528380147519 0.377223430966607
0.976528380147518 0.377223430966607
0.626859017304612 0.364538435621089
-0.218809338984244 -2.85327095095923
1.21506905982993 0.808340680551885
0.246214436572749 -0.0152818527004996
0.914040817544079 0.762124732380981
0.522659507433781 -0.504041548362666
1.29373270694839 0.25850262696757
-1.16352792318037 -2.20492409985265
0.914033102635165 0.762117531423482
0.0924753864986575 -0.882173593256903
-1.54696637301781 0.929739079952008
-0.243771648393466 0.285908542676428
-0.970785109881952 0.0166271822295928
-1.16488778365874 1.8507082671753
0.743113385736748 0.675285210665486
0.413397829313192 0.173841501155076
1.49752207785974 0.198129631997686
-0.668335868344583 -0.681244499984769
1.65400461878071 1.31937415024422
-1.24168051482725 -3.39212922245833
0.914021319997006 0.762106721651621
-0.789150452993241 0.279979253591186
-0.696464293766097 0.83641918543676
-0.674092597749903 -2.08708698330136
1.65400446378732 1.3193740211346
0.413839283596655 0.174215647419866
1.13758842732848 -1.46947218533768
1.37010787043593 -0.41637626997061
1.26805970492243 0.113957513143181
0.412349271999646 -0.249581497286676
-0.775851643777209 0.311356408372151
0.906496402272018 -1.40540049879993
0.672295495398262 -0.119451879085532
-0.80233278162903 1.04911387818699
-0.770881907723828 1.02594478989502
-0.772620457754991 1.02774723803497
1.12700906278402 1.61393159672122
-0.59724379446829 0.607802173220419
-0.914285075891278 -0.899275435029326
-1.60257859592602 0.926840627718252
0.682069560248857 -2.30212347368662
0.773793267834243 0.293051829181955
0.914022518263997 0.762107813526932
-0.757363095682882 1.00168342691515
-0.802787402539242 0.276826480059614
0.153752058402989 -2.30512063542392
2.04448047519431 0.406287227620756
1.41176163009344 0.177840546903339
0.235642082145895 -0.349511116937975
-0.58687629414942 -2.39400169066372
0.286738684387552 -0.46568541377032
0.914048754931067 0.76213231757279
-0.802708783652006 0.274856955989119
-0.25863257887365 -1.65608881608399
-0.681381560140422 1.25811079803894
0.0446355186825805 1.6745081552113
-0.713432434386774 -2.38534401704241
0.263366825565724 -1.67732049960736
-0.807332804046248 0.272981194696201
-0.264926488520913 -2.60760409999598
1.11354258186694 0.819351572093372
1.15002287891583 -0.626095027734483
2.08519204485427 0.557726580675216
-0.800299407880381 0.997881792733202
-0.811184656058648 1.01454415185847
-0.248987843557352 1.30334612398437
1.52154732819648 1.08789852285525
0.413765333991505 0.174152746726973
-0.3469660830714 -2.55463290707922
0.845079940814191 -9.82605271414828e-05
0.499447278343577 -1.56469687440384
-0.328056005741146 2.16213115185199
0.0481247342062674 1.66985394029192
0.556106631522585 -1.738119492589
1.63468087759198 0.609475852240703
-0.680668729262826 1.25910052260243
0.4135248238461 0.173942387375369
-1.61206160394215 -0.0470151406691881
0.711547086248291 0.423828309818733
-0.787276056656239 0.240389258531367
0.914042182502715 0.762126025066346
0.658516708602558 0.118098604372171
-0.658777111978636 -2.47011470181367
1.33111281112977 0.762122629702975
-1.3981124189791 -3.44269830518631
-0.657325484942011 -2.47133524985984
-0.82021624364816 0.244455148038452
-2.02745385424616 -0.0592778861243014
0.617483042359851 0.348615356783881
0.979242233896215 -0.619631164654897
-1.06799249004934 -1.83439639866476
0.228764778884265 1.08037052167405
-0.789368833306793 0.283877027363342
1.19689129196307 1.15161489318643
-0.789385359586537 0.284159525497922
-1.16204366962303 -0.218543011116056
0.643650054344158 0.228699105920902
0.10497510304724 -1.25432869357293
0.552506187196881 -0.197369834521536
2.1143146311836 0.730881375051244
-0.0528503708809216 2.2856137807863
0.570341567105306 0.44584747259819
-0.789389271041638 0.284224403254551
-0.812723186732933 1.01694551261247
-0.492043552804205 -1.4105218760674
1.70322300209978 0.827652429123595
0.0486931099049149 2.22616984803675
0.657249811230284 1.8224635836013
0.0221331767049494 0.209941586462769
-0.0620555725441099 0.962412654730576
-1.06850280670144 -1.99463059432194
-0.789302929759783 0.28287968044037
-0.873207971396226 -2.66231699489642
2.08074810684853 0.524497294381215
-0.723494841012003 -2.35356125470649
-0.552101789338994 -2.40555222899608
-0.510175995722548 1.2672654909432
0.914048495710466 0.762132062929153
-1.59867496512715 0.369420767555812
0.658517230353403 0.118099865078364
0.658517230353403 0.118099865078364
-0.840262384063322 0.122103092422378
1.7488799125538 -0.0355797913132462
0.982409551595185 1.86210312516084
0.0332004513038855 -2.44862928944346
0.682068490454889 -2.30212576233733
-0.900673069201089 -1.35312137038167
-0.970044193640773 -2.82470392213902
0.495726851146805 -1.83061131842705
1.23147716543859 0.0129527938386109
1.19025885049916 -0.814985412910599
1.48089637930669 -1.20899471735596
-0.656365888878919 -0.366687757278087
-0.0691291924520752 -0.828222803946378
0.658517382282336 0.118100233085598
-0.107593202731399 -1.69043149186001
1.4353383927228 -0.599764982274317
0.0572411676025776 1.59419483947573
-0.664565354423884 -0.368849601194862
0.613676474765437 0.297133254613328
0.274315210689821 0.135038775075739
-0.194865720008579 -3.12301478584054
-0.78940339048274 0.284472938204404
-0.768590558304008 1.02146466933186
-0.397669858988165 -2.49945102279366
-0.998996003122839 -0.888688779880767
1.51999404467399 0.731852103305935
-0.789450754118092 0.285091435027461
0.406349699677853 2.04135119432026
-0.547040188876762 0.65565178962677
-0.605775609527774 -2.49470240621489
-1.07708456024171 1.29389485738428
-0.628625080724516 -0.398491990463249
0.537034329732893 -1.61127243475816
-1.49077274096231 1.26201068169035
-0.225780137228099 0.464918167261273
-1.22094123044778 -3.4013053567821
1.47864058441254 0.841509458204371
0.315375072866312 1.26200980554296
0.0622771753385479 1.59336266999053
1.20825584418468 -0.172415687846235
-1.00041906322436 -1.83545617617249
-0.194369425941954 1.21058073390599
-0.802961095560244 0.280121425925631
0.413476953006182 0.173761123459074
0.104685153830628 1.03687439022211
-0.113692994594822 1.42844889704745
-0.557983949219651 -0.568420835657536
-0.75254914288913 1.66636701390797
-1.46574583143815 -1.21493607191645
0.16781065870278 1.09586772831745
0.290503898354513 -1.68799126544854
0.11165009064321 -2.39662172353739
2.01355605931489 -0.255902623781406
1.50052127972523 0.229076163362023
-1.22196841791307 -2.71250467630204
-0.83510488067024 -2.652101318541
0.537339183059772 -1.21513124130838
-0.666900222808337 1.31620186119574
0.619777547724681 0.198565701316358
-0.894292404813118 -0.0271364751412458
1.79057365507322 -0.0185698283286915
-0.0573528893292961 1.82674584649078
0.904447584414322 -0.744772989013187
0.565624790142129 0.448430677011093
0.617971238575413 0.19311840724007
0.130341608142727 -2.43260416224746
-0.0463114641685602 1.75280617766869
-0.0463114641685603 1.75280617766869
1.39303495001835 0.726537561489985
2.07484835513135 -0.181295907570899
0.899989472005481 -2.69642019566951
-0.510763613295098 0.411411488478841
-0.670747938162713 1.31349807810906
-1.19146788419993 -3.38746637681995
0.468795142075585 -0.0722460108097809
0.508342448738206 -2.03753082939663
-0.275996222059146 0.466317554309882
-0.233155336877779 0.46531350212924
-0.666741468874923 1.31455044601672
1.60084895073294 -0.335409910879621
-0.0210129548760401 1.7778763370426
-0.0210129552444227 1.77787633698826
-0.0210129548760401 1.7778763370426
-0.886397120013235 -3.35750539044236
-0.789438965262375 0.284998192634519
-0.803037998579525 0.281497615758759
0.573402570989528 -0.894298464857339
-0.183492861472834 -1.77956561332176
-0.0130502385859566 -2.29709792769668
1.39468338006349 0.193239632101686
-0.510558462428823 -2.52908037329778
0.631233062475682 0.550668876556927
0.256307652579948 -2.11591755500579
-0.821514554851313 0.263521576502052
-0.0466218013681648 0.672410852575059
0.627152229933811 0.539446711190177
1.1706395099396 -0.776655669587265
2.14922184372767 -0.364258467549814
1.20802348202899 -1.00031281774688
0.43135948287862 -2.21534630935663
1.05937380676709 1.75375757285714
1.56892743932262 0.0447652874361185
1.60786869196029 1.38668191632472
1.56378868703446 0.0562184558985005
-1.23548743443566 -3.37286611933529
1.37161956078562 0.18794583000619
1.70063651050368 -0.360618698024159
-1.73172920043479 -1.70967494783012
-1.21758207649714 -2.81769854488057
0.970624902045286 1.28100717707039
-2.0171882614996 -0.317974351630239
1.53294266125354 0.34069168711929
1.46477722854936 0.358269232346952
2.05998941666052 0.901490634456909
1.35198198164636 0.723417774897784
1.46531147210936 0.358957585620245
1.63655960429653 -0.226789202192451
0.859938997034262 -1.55109534609124
2.08217889087617 -0.00332295489928603
1.79900144275296 -0.0892513817072439
1.00519120429007 -1.18147528236096
-1.29937681532107 -2.67049569753135
1.19557936303126 -1.16340405036872
-1.91842386346256 -0.806685278535894
0.106482211891093 -0.268438418175406
-0.0844646155453411 -2.68742948458756
1.98401009253864 0.0185138231682624
-1.97028593309506 -1.80549641088172
-0.0949856670708707 -2.72123601003125
0.246708281555496 -2.3625106905714
-0.0952129264390904 -1.18944191579005
-1.36348287620685 -3.39201616719213
2.00744857814248 2.0263124622929
